20
0 ; <1,0,0,0,1,0>
1 ; <0,-1,-2,-1,0,4>
1 ; <-1,0,-2,1,1,-2>
1 ; <-1,-1,2,0,1,-4>
1 ; <0,-1,4,-1,0,-2>
1 ; <1,0,6,-1,-1,0>
1 ; <1,1,2,0,-1,2>
2 ; <1,1,-8,0,-1,4>
2 ; <1,0,-12,-1,-1,6>
2 ; <-1,-1,-6,0,1,0>
2 ; <1,0,-4,-1,-1,-4>
2 ; <0,1,2,1,0,-10>
2 ; <1,1,4,0,-1,-8>
2 ; <0,-1,8,-1,0,-4>
2 ; <1,1,12,0,-1,-6>
2 ; <1,1,10,0,-1,-2>
2 ; <-1,0,8,1,1,2>
2 ; <1,1,0,0,-1,6>
2 ; <1,0,-4,-1,-1,8>
2 ; <-1,-1,-6,1,0,6>
20
0 ; <1,0,0,0,1,0>
1 ; <0,-1,-2,-1,0,4>
1 ; <-1,0,-2,1,1,-2>
1 ; <-1,-1,2,0,1,-4>
1 ; <0,-1,4,-1,0,-2>
1 ; <1,0,6,-1,-1,0>
1 ; <1,1,2,0,-1,2>
2 ; <1,1,-8,0,-1,4>
2 ; <1,0,-12,-1,-1,6>
2 ; <-1,-1,-6,0,1,0>
2 ; <1,0,-4,-1,-1,-4>
2 ; <0,1,2,1,0,-10>
2 ; <1,1,4,0,-1,-8>
2 ; <0,-1,8,-1,0,-4>
2 ; <-1,-1,14,0,1,-4>
2 ; <1,0,8,-1,-1,2>
2 ; <0,-1,6,-1,0,6>
2 ; <1,1,0,0,-1,6>
2 ; <1,0,-4,-1,-1,8>
2 ; <-1,-1,-6,1,0,6>
20
0 ; <1,0,0,0,1,0>
1 ; <0,-1,-2,-1,0,4>
1 ; <-1,0,-2,1,1,-2>
1 ; <-1,-1,2,0,1,-4>
1 ; <0,-1,4,-1,0,-2>
1 ; <1,0,6,-1,-1,0>
1 ; <1,1,2,0,-1,2>
2 ; <1,1,-8,0,-1,4>
2 ; <1,0,-12,-1,-1,6>
2 ; <-1,-1,-6,0,1,0>
2 ; <1,0,-4,-1,-1,-4>
2 ; <0,1,2,1,0,-10>
2 ; <1,1,4,0,-1,-8>
2 ; <0,-1,8,-1,0,-4>
2 ; <-1,-1,14,0,1,-4>
2 ; <-1,-1,12,0,1,0>
2 ; <-1,0,8,1,1,2>
2 ; <1,1,0,0,-1,6>
2 ; <1,0,-4,-1,-1,8>
2 ; <-1,-1,-6,1,0,6>
20
0 ; <1,0,0,0,1,0>
1 ; <0,-1,-2,-1,0,4>
1 ; <-1,0,-2,1,1,-2>
1 ; <-1,-1,2,0,1,-4>
1 ; <0,-1,4,-1,0,-2>
1 ; <1,0,6,-1,-1,0>
1 ; <1,1,2,0,-1,2>
2 ; <1,1,-8,0,-1,4>
2 ; <1,0,-12,-1,-1,6>
2 ; <-1,-1,-6,0,1,0>
2 ; <1,0,-4,-1,-1,-4>
2 ; <0,1,2,1,0,-10>
2 ; <1,1,4,0,-1,-8>
2 ; <0,-1,8,-1,0,-4>
2 ; <0,1,12,1,0,-6>
2 ; <1,0,8,-1,-1,2>
2 ; <0,-1,6,-1,0,6>
2 ; <1,1,0,0,-1,6>
2 ; <1,0,-4,-1,-1,8>
2 ; <-1,-1,-6,1,0,6>
20
0 ; <1,0,0,0,1,0>
1 ; <0,-1,-2,-1,0,4>
1 ; <-1,0,-2,1,1,-2>
1 ; <-1,-1,2,0,1,-4>
1 ; <0,-1,4,-1,0,-2>
1 ; <1,0,6,-1,-1,0>
1 ; <1,1,2,0,-1,2>
2 ; <1,1,-8,0,-1,4>
2 ; <1,0,-12,-1,-1,6>
2 ; <-1,-1,-6,0,1,0>
2 ; <1,0,-4,-1,-1,-4>
2 ; <0,1,2,1,0,-10>
2 ; <1,1,4,0,-1,-8>
2 ; <0,-1,8,-1,0,-4>
2 ; <0,1,12,1,0,-6>
2 ; <-1,-1,12,0,1,0>
2 ; <-1,0,8,1,1,2>
2 ; <1,1,0,0,-1,6>
2 ; <1,0,-4,-1,-1,8>
2 ; <-1,-1,-6,1,0,6>
20
0 ; <1,0,0,0,1,0>
1 ; <0,-1,-2,-1,0,4>
1 ; <-1,0,-2,1,1,-2>
1 ; <-1,-1,2,0,1,-4>
1 ; <0,-1,4,-1,0,-2>
1 ; <1,0,6,-1,-1,0>
1 ; <1,1,2,0,-1,2>
2 ; <1,1,-8,0,-1,4>
2 ; <1,0,-12,-1,-1,6>
2 ; <-1,-1,-6,0,1,0>
2 ; <1,0,-4,-1,-1,-4>
2 ; <-1,-1,4,0,1,-8>
2 ; <-1,0,8,1,1,-10>
2 ; <0,-1,8,-1,0,-4>
2 ; <1,1,12,0,-1,-6>
2 ; <1,1,10,0,-1,-2>
2 ; <-1,0,8,1,1,2>
2 ; <1,1,0,0,-1,6>
2 ; <1,0,-4,-1,-1,8>
2 ; <-1,-1,-6,1,0,6>
20
0 ; <1,0,0,0,1,0>
1 ; <0,-1,-2,-1,0,4>
1 ; <-1,0,-2,1,1,-2>
1 ; <-1,-1,2,0,1,-4>
1 ; <0,-1,4,-1,0,-2>
1 ; <1,0,6,-1,-1,0>
1 ; <1,1,2,0,-1,2>
2 ; <1,1,-8,0,-1,4>
2 ; <0,1,-10,1,0,2>
2 ; <0,1,-6,-1,-1,0>
2 ; <0,-1,-4,-1,0,-4>
2 ; <0,-1,0,-1,0,-6>
2 ; <1,1,4,0,-1,-8>
2 ; <0,-1,8,-1,0,-4>
2 ; <1,1,12,0,-1,-6>
2 ; <1,1,10,0,-1,-2>
2 ; <-1,0,8,1,1,2>
2 ; <0,-1,2,-1,0,8>
2 ; <-1,-1,0,0,1,6>
2 ; <0,1,-6,1,0,6>
20
0 ; <1,0,0,0,1,0>
1 ; <0,-1,-2,-1,0,4>
1 ; <-1,0,-2,1,1,-2>
1 ; <-1,-1,2,0,1,-4>
1 ; <0,-1,4,-1,0,-2>
1 ; <1,0,6,-1,-1,0>
1 ; <1,1,2,0,-1,2>
2 ; <1,1,-8,0,-1,4>
2 ; <0,1,-10,1,0,2>
2 ; <0,1,-6,-1,-1,0>
2 ; <0,-1,-4,-1,0,-4>
2 ; <0,-1,0,-1,0,-6>
2 ; <1,1,4,0,-1,-8>
2 ; <0,-1,8,-1,0,-4>
2 ; <1,1,12,0,-1,-6>
2 ; <1,1,10,0,-1,-2>
2 ; <-1,0,8,1,1,2>
2 ; <1,1,0,0,-1,6>
2 ; <1,0,-4,-1,-1,8>
2 ; <-1,-1,-6,1,0,6>
20
0 ; <1,0,0,0,1,0>
1 ; <0,-1,-2,-1,0,4>
1 ; <-1,0,-2,1,1,-2>
1 ; <-1,-1,2,0,1,-4>
1 ; <0,-1,4,-1,0,-2>
1 ; <1,0,6,-1,-1,0>
1 ; <1,1,2,0,-1,2>
2 ; <1,1,-8,0,-1,4>
2 ; <0,1,-10,1,0,2>
2 ; <0,1,-6,-1,-1,0>
2 ; <0,-1,-4,-1,0,-4>
2 ; <0,-1,0,-1,0,-6>
2 ; <1,1,4,0,-1,-8>
2 ; <0,-1,8,-1,0,-4>
2 ; <0,1,12,1,0,-6>
2 ; <1,0,8,-1,-1,2>
2 ; <0,-1,6,-1,0,6>
2 ; <0,-1,2,-1,0,8>
2 ; <-1,-1,0,0,1,6>
2 ; <0,1,-6,1,0,6>
20
0 ; <1,0,0,0,1,0>
1 ; <0,-1,-2,-1,0,4>
1 ; <-1,0,-2,1,1,-2>
1 ; <-1,-1,2,0,1,-4>
1 ; <0,-1,4,-1,0,-2>
1 ; <1,0,6,-1,-1,0>
1 ; <1,1,2,0,-1,2>
2 ; <1,1,-8,0,-1,4>
2 ; <0,1,-10,1,0,2>
2 ; <0,1,-6,-1,-1,0>
2 ; <0,-1,-4,-1,0,-4>
2 ; <0,-1,0,-1,0,-6>
2 ; <1,1,4,0,-1,-8>
2 ; <0,-1,8,-1,0,-4>
2 ; <0,1,12,1,0,-6>
2 ; <1,0,8,-1,-1,2>
2 ; <0,-1,6,-1,0,6>
2 ; <1,1,0,0,-1,6>
2 ; <1,0,-4,-1,-1,8>
2 ; <-1,-1,-6,1,0,6>
20
0 ; <1,0,0,0,1,0>
1 ; <0,-1,-2,-1,0,4>
1 ; <-1,0,-2,1,1,-2>
1 ; <-1,-1,2,0,1,-4>
1 ; <0,-1,4,-1,0,-2>
1 ; <1,0,6,-1,-1,0>
1 ; <1,1,2,0,-1,2>
2 ; <1,1,-8,0,-1,4>
2 ; <0,1,-10,1,0,2>
2 ; <0,1,-6,-1,-1,0>
2 ; <0,-1,-4,-1,0,-4>
2 ; <0,-1,0,-1,0,-6>
2 ; <1,1,4,0,-1,-8>
2 ; <0,-1,8,-1,0,-4>
2 ; <0,1,12,1,0,-6>
2 ; <-1,-1,12,0,1,0>
2 ; <-1,0,8,1,1,2>
2 ; <0,-1,2,-1,0,8>
2 ; <-1,-1,0,0,1,6>
2 ; <0,1,-6,1,0,6>
20
0 ; <1,0,0,0,1,0>
1 ; <0,-1,-2,-1,0,4>
1 ; <-1,0,-2,1,1,-2>
1 ; <-1,-1,2,0,1,-4>
1 ; <0,-1,4,-1,0,-2>
1 ; <1,0,6,-1,-1,0>
1 ; <1,1,2,0,-1,2>
2 ; <1,1,-8,0,-1,4>
2 ; <0,1,-10,1,0,2>
2 ; <0,1,-6,-1,-1,0>
2 ; <0,-1,-4,-1,0,-4>
2 ; <0,-1,0,-1,0,-6>
2 ; <1,1,4,0,-1,-8>
2 ; <0,-1,8,-1,0,-4>
2 ; <0,1,12,1,0,-6>
2 ; <-1,-1,12,0,1,0>
2 ; <-1,0,8,1,1,2>
2 ; <1,1,0,0,-1,6>
2 ; <1,0,-4,-1,-1,8>
2 ; <-1,-1,-6,1,0,6>
19
0 ; <1,0,0,0,1,0>
1 ; <0,-1,-2,-1,0,4>
1 ; <-1,0,-2,1,1,-2>
1 ; <-1,-1,2,0,1,-4>
1 ; <0,-1,4,-1,0,-2>
1 ; <1,0,6,-1,-1,0>
1 ; <1,1,2,0,-1,2>
2 ; <0,-1,-6,-1,0,6>
2 ; <-1,-1,-8,0,1,4>
2 ; <-1,-1,-6,0,1,0>
2 ; <1,0,-4,-1,-1,-4>
2 ; <0,1,2,1,0,-10>
2 ; <1,1,4,0,-1,-8>
2 ; <0,-1,8,-1,0,-4>
2 ; <1,1,12,0,-1,-6>
2 ; <1,1,10,0,-1,-2>
2 ; <-1,0,8,1,1,2>
2 ; <0,-1,2,-1,0,8>
2 ; <-1,-1,0,0,1,6>
19
0 ; <1,0,0,0,1,0>
1 ; <0,-1,-2,-1,0,4>
1 ; <-1,0,-2,1,1,-2>
1 ; <-1,-1,2,0,1,-4>
1 ; <0,-1,4,-1,0,-2>
1 ; <1,0,6,-1,-1,0>
1 ; <1,1,2,0,-1,2>
2 ; <0,-1,-6,-1,0,6>
2 ; <-1,-1,-8,0,1,4>
2 ; <-1,-1,-6,0,1,0>
2 ; <1,0,-4,-1,-1,-4>
2 ; <0,1,2,1,0,-10>
2 ; <1,1,4,0,-1,-8>
2 ; <0,-1,8,-1,0,-4>
2 ; <1,1,12,0,-1,-6>
2 ; <1,1,10,0,-1,-2>
2 ; <-1,0,8,1,1,2>
2 ; <1,1,0,0,-1,6>
2 ; <1,0,-4,-1,-1,8>
19
0 ; <1,0,0,0,1,0>
1 ; <0,-1,-2,-1,0,4>
1 ; <-1,0,-2,1,1,-2>
1 ; <-1,-1,2,0,1,-4>
1 ; <0,-1,4,-1,0,-2>
1 ; <1,0,6,-1,-1,0>
1 ; <1,1,2,0,-1,2>
2 ; <0,-1,-6,-1,0,6>
2 ; <-1,-1,-8,0,1,4>
2 ; <-1,-1,-6,0,1,0>
2 ; <1,0,-4,-1,-1,-4>
2 ; <0,1,2,1,0,-10>
2 ; <1,1,4,0,-1,-8>
2 ; <0,-1,8,-1,0,-4>
2 ; <-1,-1,14,0,1,-4>
2 ; <1,0,8,-1,-1,2>
2 ; <0,-1,6,-1,0,6>
2 ; <0,-1,2,-1,0,8>
2 ; <-1,-1,0,0,1,6>
19
0 ; <1,0,0,0,1,0>
1 ; <0,-1,-2,-1,0,4>
1 ; <-1,0,-2,1,1,-2>
1 ; <-1,-1,2,0,1,-4>
1 ; <0,-1,4,-1,0,-2>
1 ; <1,0,6,-1,-1,0>
1 ; <1,1,2,0,-1,2>
2 ; <0,-1,-6,-1,0,6>
2 ; <-1,-1,-8,0,1,4>
2 ; <-1,-1,-6,0,1,0>
2 ; <1,0,-4,-1,-1,-4>
2 ; <0,1,2,1,0,-10>
2 ; <1,1,4,0,-1,-8>
2 ; <0,-1,8,-1,0,-4>
2 ; <-1,-1,14,0,1,-4>
2 ; <1,0,8,-1,-1,2>
2 ; <0,-1,6,-1,0,6>
2 ; <1,1,0,0,-1,6>
2 ; <1,0,-4,-1,-1,8>
19
0 ; <1,0,0,0,1,0>
1 ; <0,-1,-2,-1,0,4>
1 ; <-1,0,-2,1,1,-2>
1 ; <-1,-1,2,0,1,-4>
1 ; <0,-1,4,-1,0,-2>
1 ; <1,0,6,-1,-1,0>
1 ; <1,1,2,0,-1,2>
2 ; <0,-1,-6,-1,0,6>
2 ; <-1,-1,-8,0,1,4>
2 ; <-1,-1,-6,0,1,0>
2 ; <1,0,-4,-1,-1,-4>
2 ; <0,1,2,1,0,-10>
2 ; <1,1,4,0,-1,-8>
2 ; <0,-1,8,-1,0,-4>
2 ; <-1,-1,14,0,1,-4>
2 ; <-1,-1,12,0,1,0>
2 ; <-1,0,8,1,1,2>
2 ; <0,-1,2,-1,0,8>
2 ; <-1,-1,0,0,1,6>
19
0 ; <1,0,0,0,1,0>
1 ; <0,-1,-2,-1,0,4>
1 ; <-1,0,-2,1,1,-2>
1 ; <-1,-1,2,0,1,-4>
1 ; <0,-1,4,-1,0,-2>
1 ; <1,0,6,-1,-1,0>
1 ; <1,1,2,0,-1,2>
2 ; <0,-1,-6,-1,0,6>
2 ; <-1,-1,-8,0,1,4>
2 ; <-1,-1,-6,0,1,0>
2 ; <1,0,-4,-1,-1,-4>
2 ; <0,1,2,1,0,-10>
2 ; <1,1,4,0,-1,-8>
2 ; <0,-1,8,-1,0,-4>
2 ; <-1,-1,14,0,1,-4>
2 ; <-1,-1,12,0,1,0>
2 ; <-1,0,8,1,1,2>
2 ; <1,1,0,0,-1,6>
2 ; <1,0,-4,-1,-1,8>
19
0 ; <1,0,0,0,1,0>
1 ; <0,-1,-2,-1,0,4>
1 ; <-1,0,-2,1,1,-2>
1 ; <-1,-1,2,0,1,-4>
1 ; <0,-1,4,-1,0,-2>
1 ; <1,0,6,-1,-1,0>
1 ; <1,1,2,0,-1,2>
2 ; <0,-1,-6,-1,0,6>
2 ; <-1,-1,-8,0,1,4>
2 ; <-1,-1,-6,0,1,0>
2 ; <1,0,-4,-1,-1,-4>
2 ; <0,1,2,1,0,-10>
2 ; <1,1,4,0,-1,-8>
2 ; <0,-1,8,-1,0,-4>
2 ; <0,1,12,1,0,-6>
2 ; <1,0,8,-1,-1,2>
2 ; <0,-1,6,-1,0,6>
2 ; <0,-1,2,-1,0,8>
2 ; <-1,-1,0,0,1,6>
19
0 ; <1,0,0,0,1,0>
1 ; <0,-1,-2,-1,0,4>
1 ; <-1,0,-2,1,1,-2>
1 ; <-1,-1,2,0,1,-4>
1 ; <0,-1,4,-1,0,-2>
1 ; <1,0,6,-1,-1,0>
1 ; <1,1,2,0,-1,2>
2 ; <0,-1,-6,-1,0,6>
2 ; <-1,-1,-8,0,1,4>
2 ; <-1,-1,-6,0,1,0>
2 ; <1,0,-4,-1,-1,-4>
2 ; <0,1,2,1,0,-10>
2 ; <1,1,4,0,-1,-8>
2 ; <0,-1,8,-1,0,-4>
2 ; <0,1,12,1,0,-6>
2 ; <1,0,8,-1,-1,2>
2 ; <0,-1,6,-1,0,6>
2 ; <1,1,0,0,-1,6>
2 ; <1,0,-4,-1,-1,8>
19
0 ; <1,0,0,0,1,0>
1 ; <0,-1,-2,-1,0,4>
1 ; <-1,0,-2,1,1,-2>
1 ; <-1,-1,2,0,1,-4>
1 ; <0,-1,4,-1,0,-2>
1 ; <1,0,6,-1,-1,0>
1 ; <1,1,2,0,-1,2>
2 ; <0,-1,-6,-1,0,6>
2 ; <-1,-1,-8,0,1,4>
2 ; <-1,-1,-6,0,1,0>
2 ; <1,0,-4,-1,-1,-4>
2 ; <0,1,2,1,0,-10>
2 ; <1,1,4,0,-1,-8>
2 ; <0,-1,8,-1,0,-4>
2 ; <0,1,12,1,0,-6>
2 ; <-1,-1,12,0,1,0>
2 ; <-1,0,8,1,1,2>
2 ; <0,-1,2,-1,0,8>
2 ; <-1,-1,0,0,1,6>
19
0 ; <1,0,0,0,1,0>
1 ; <0,-1,-2,-1,0,4>
1 ; <-1,0,-2,1,1,-2>
1 ; <-1,-1,2,0,1,-4>
1 ; <0,-1,4,-1,0,-2>
1 ; <1,0,6,-1,-1,0>
1 ; <1,1,2,0,-1,2>
2 ; <0,-1,-6,-1,0,6>
2 ; <-1,-1,-8,0,1,4>
2 ; <-1,-1,-6,0,1,0>
2 ; <1,0,-4,-1,-1,-4>
2 ; <0,1,2,1,0,-10>
2 ; <1,1,4,0,-1,-8>
2 ; <0,-1,8,-1,0,-4>
2 ; <0,1,12,1,0,-6>
2 ; <-1,-1,12,0,1,0>
2 ; <-1,0,8,1,1,2>
2 ; <1,1,0,0,-1,6>
2 ; <1,0,-4,-1,-1,8>
19
0 ; <1,0,0,0,1,0>
1 ; <0,-1,-2,-1,0,4>
1 ; <-1,0,-2,1,1,-2>
1 ; <-1,-1,2,0,1,-4>
1 ; <0,-1,4,-1,0,-2>
1 ; <1,0,6,-1,-1,0>
1 ; <1,1,2,0,-1,2>
2 ; <0,-1,-6,-1,0,6>
2 ; <-1,-1,-8,0,1,4>
2 ; <-1,-1,-6,0,1,0>
2 ; <1,0,-4,-1,-1,-4>
2 ; <-1,-1,4,0,1,-8>
2 ; <-1,0,8,1,1,-10>
2 ; <0,-1,8,-1,0,-4>
2 ; <1,1,12,0,-1,-6>
2 ; <1,1,10,0,-1,-2>
2 ; <-1,0,8,1,1,2>
2 ; <0,-1,2,-1,0,8>
2 ; <-1,-1,0,0,1,6>
19
0 ; <1,0,0,0,1,0>
1 ; <0,-1,-2,-1,0,4>
1 ; <-1,0,-2,1,1,-2>
1 ; <-1,-1,2,0,1,-4>
1 ; <0,-1,4,-1,0,-2>
1 ; <1,0,6,-1,-1,0>
1 ; <1,1,2,0,-1,2>
2 ; <0,-1,-6,-1,0,6>
2 ; <-1,-1,-8,0,1,4>
2 ; <-1,-1,-6,0,1,0>
2 ; <1,0,-4,-1,-1,-4>
2 ; <-1,-1,4,0,1,-8>
2 ; <-1,0,8,1,1,-10>
2 ; <0,-1,8,-1,0,-4>
2 ; <1,1,12,0,-1,-6>
2 ; <1,1,10,0,-1,-2>
2 ; <-1,0,8,1,1,2>
2 ; <1,1,0,0,-1,6>
2 ; <1,0,-4,-1,-1,8>
19
0 ; <1,0,0,0,1,0>
1 ; <0,-1,-2,-1,0,4>
1 ; <-1,0,-2,1,1,-2>
1 ; <-1,-1,2,0,1,-4>
1 ; <0,-1,4,-1,0,-2>
1 ; <1,0,6,-1,-1,0>
1 ; <1,1,2,0,-1,2>
2 ; <0,-1,-6,-1,0,6>
2 ; <1,1,-10,0,-1,2>
2 ; <-1,0,-4,1,1,-4>
2 ; <0,1,-2,1,0,-8>
2 ; <0,1,2,1,0,-10>
2 ; <1,1,4,0,-1,-8>
2 ; <0,-1,8,-1,0,-4>
2 ; <1,1,12,0,-1,-6>
2 ; <1,1,10,0,-1,-2>
2 ; <-1,0,8,1,1,2>
2 ; <0,-1,2,-1,0,8>
2 ; <-1,-1,0,0,1,6>
19
0 ; <1,0,0,0,1,0>
1 ; <0,-1,-2,-1,0,4>
1 ; <-1,0,-2,1,1,-2>
1 ; <-1,-1,2,0,1,-4>
1 ; <0,-1,4,-1,0,-2>
1 ; <1,0,6,-1,-1,0>
1 ; <1,1,2,0,-1,2>
2 ; <0,-1,-6,-1,0,6>
2 ; <1,1,-10,0,-1,2>
2 ; <-1,0,-4,1,1,-4>
2 ; <0,1,-2,1,0,-8>
2 ; <0,1,2,1,0,-10>
2 ; <1,1,4,0,-1,-8>
2 ; <0,-1,8,-1,0,-4>
2 ; <-1,-1,14,0,1,-4>
2 ; <1,0,8,-1,-1,2>
2 ; <0,-1,6,-1,0,6>
2 ; <0,-1,2,-1,0,8>
2 ; <-1,-1,0,0,1,6>
19
0 ; <1,0,0,0,1,0>
1 ; <0,-1,-2,-1,0,4>
1 ; <-1,0,-2,1,1,-2>
1 ; <-1,-1,2,0,1,-4>
1 ; <0,-1,4,-1,0,-2>
1 ; <1,0,6,-1,-1,0>
1 ; <1,1,2,0,-1,2>
2 ; <0,-1,-6,-1,0,6>
2 ; <1,1,-10,0,-1,2>
2 ; <-1,0,-4,1,1,-4>
2 ; <0,1,-2,1,0,-8>
2 ; <0,1,2,1,0,-10>
2 ; <1,1,4,0,-1,-8>
2 ; <0,-1,8,-1,0,-4>
2 ; <-1,-1,14,0,1,-4>
2 ; <-1,-1,12,0,1,0>
2 ; <-1,0,8,1,1,2>
2 ; <0,-1,2,-1,0,8>
2 ; <-1,-1,0,0,1,6>
19
0 ; <1,0,0,0,1,0>
1 ; <0,-1,-2,-1,0,4>
1 ; <-1,0,-2,1,1,-2>
1 ; <-1,-1,2,0,1,-4>
1 ; <0,-1,4,-1,0,-2>
1 ; <1,0,6,-1,-1,0>
1 ; <1,1,2,0,-1,2>
2 ; <0,-1,-6,-1,0,6>
2 ; <1,1,-10,0,-1,2>
2 ; <-1,0,-4,1,1,-4>
2 ; <0,1,-2,1,0,-8>
2 ; <0,1,2,1,0,-10>
2 ; <1,1,4,0,-1,-8>
2 ; <0,-1,8,-1,0,-4>
2 ; <0,1,12,1,0,-6>
2 ; <1,0,8,-1,-1,2>
2 ; <0,-1,6,-1,0,6>
2 ; <0,-1,2,-1,0,8>
2 ; <-1,-1,0,0,1,6>
19
0 ; <1,0,0,0,1,0>
1 ; <0,-1,-2,-1,0,4>
1 ; <-1,0,-2,1,1,-2>
1 ; <-1,-1,2,0,1,-4>
1 ; <0,-1,4,-1,0,-2>
1 ; <1,0,6,-1,-1,0>
1 ; <1,1,2,0,-1,2>
2 ; <0,-1,-6,-1,0,6>
2 ; <1,1,-10,0,-1,2>
2 ; <-1,0,-4,1,1,-4>
2 ; <0,1,-2,1,0,-8>
2 ; <0,1,2,1,0,-10>
2 ; <1,1,4,0,-1,-8>
2 ; <0,-1,8,-1,0,-4>
2 ; <0,1,12,1,0,-6>
2 ; <-1,-1,12,0,1,0>
2 ; <-1,0,8,1,1,2>
2 ; <0,-1,2,-1,0,8>
2 ; <-1,-1,0,0,1,6>
19
0 ; <1,0,0,0,1,0>
1 ; <0,-1,-2,-1,0,4>
1 ; <-1,0,-2,1,1,-2>
1 ; <-1,-1,2,0,1,-4>
1 ; <0,-1,4,-1,0,-2>
1 ; <1,0,6,-1,-1,0>
1 ; <1,1,2,0,-1,2>
2 ; <0,-1,-6,-1,0,6>
2 ; <1,1,-10,0,-1,2>
2 ; <-1,0,-4,1,1,-4>
2 ; <0,1,-2,1,0,-8>
2 ; <-1,-1,4,0,1,-8>
2 ; <-1,0,8,1,1,-10>
2 ; <0,-1,8,-1,0,-4>
2 ; <1,1,12,0,-1,-6>
2 ; <1,1,10,0,-1,-2>
2 ; <-1,0,8,1,1,2>
2 ; <0,-1,2,-1,0,8>
2 ; <-1,-1,0,0,1,6>
19
0 ; <1,0,0,0,1,0>
1 ; <0,-1,-2,-1,0,4>
1 ; <-1,0,-2,1,1,-2>
1 ; <-1,-1,2,0,1,-4>
1 ; <0,-1,4,-1,0,-2>
1 ; <1,0,6,-1,-1,0>
1 ; <1,1,2,0,-1,2>
2 ; <0,-1,-6,-1,0,6>
2 ; <1,1,-10,0,-1,2>
2 ; <1,1,-8,0,-1,-2>
2 ; <1,0,-4,-1,-1,-4>
2 ; <0,1,2,1,0,-10>
2 ; <1,1,4,0,-1,-8>
2 ; <0,-1,8,-1,0,-4>
2 ; <1,1,12,0,-1,-6>
2 ; <1,1,10,0,-1,-2>
2 ; <-1,0,8,1,1,2>
2 ; <0,-1,2,-1,0,8>
2 ; <-1,-1,0,0,1,6>
19
0 ; <1,0,0,0,1,0>
1 ; <0,-1,-2,-1,0,4>
1 ; <-1,0,-2,1,1,-2>
1 ; <-1,-1,2,0,1,-4>
1 ; <0,-1,4,-1,0,-2>
1 ; <1,0,6,-1,-1,0>
1 ; <1,1,2,0,-1,2>
2 ; <0,-1,-6,-1,0,6>
2 ; <1,1,-10,0,-1,2>
2 ; <1,1,-8,0,-1,-2>
2 ; <1,0,-4,-1,-1,-4>
2 ; <0,1,2,1,0,-10>
2 ; <1,1,4,0,-1,-8>
2 ; <0,-1,8,-1,0,-4>
2 ; <-1,-1,14,0,1,-4>
2 ; <1,0,8,-1,-1,2>
2 ; <0,-1,6,-1,0,6>
2 ; <0,-1,2,-1,0,8>
2 ; <-1,-1,0,0,1,6>
19
0 ; <1,0,0,0,1,0>
1 ; <0,-1,-2,-1,0,4>
1 ; <-1,0,-2,1,1,-2>
1 ; <-1,-1,2,0,1,-4>
1 ; <0,-1,4,-1,0,-2>
1 ; <1,0,6,-1,-1,0>
1 ; <1,1,2,0,-1,2>
2 ; <0,-1,-6,-1,0,6>
2 ; <1,1,-10,0,-1,2>
2 ; <1,1,-8,0,-1,-2>
2 ; <1,0,-4,-1,-1,-4>
2 ; <0,1,2,1,0,-10>
2 ; <1,1,4,0,-1,-8>
2 ; <0,-1,8,-1,0,-4>
2 ; <-1,-1,14,0,1,-4>
2 ; <-1,-1,12,0,1,0>
2 ; <-1,0,8,1,1,2>
2 ; <0,-1,2,-1,0,8>
2 ; <-1,-1,0,0,1,6>
19
0 ; <1,0,0,0,1,0>
1 ; <0,-1,-2,-1,0,4>
1 ; <-1,0,-2,1,1,-2>
1 ; <-1,-1,2,0,1,-4>
1 ; <0,-1,4,-1,0,-2>
1 ; <1,0,6,-1,-1,0>
1 ; <1,1,2,0,-1,2>
2 ; <0,-1,-6,-1,0,6>
2 ; <1,1,-10,0,-1,2>
2 ; <1,1,-8,0,-1,-2>
2 ; <1,0,-4,-1,-1,-4>
2 ; <0,1,2,1,0,-10>
2 ; <1,1,4,0,-1,-8>
2 ; <0,-1,8,-1,0,-4>
2 ; <0,1,12,1,0,-6>
2 ; <1,0,8,-1,-1,2>
2 ; <0,-1,6,-1,0,6>
2 ; <0,-1,2,-1,0,8>
2 ; <-1,-1,0,0,1,6>
19
0 ; <1,0,0,0,1,0>
1 ; <0,-1,-2,-1,0,4>
1 ; <-1,0,-2,1,1,-2>
1 ; <-1,-1,2,0,1,-4>
1 ; <0,-1,4,-1,0,-2>
1 ; <1,0,6,-1,-1,0>
1 ; <1,1,2,0,-1,2>
2 ; <0,-1,-6,-1,0,6>
2 ; <1,1,-10,0,-1,2>
2 ; <1,1,-8,0,-1,-2>
2 ; <1,0,-4,-1,-1,-4>
2 ; <0,1,2,1,0,-10>
2 ; <1,1,4,0,-1,-8>
2 ; <0,-1,8,-1,0,-4>
2 ; <0,1,12,1,0,-6>
2 ; <-1,-1,12,0,1,0>
2 ; <-1,0,8,1,1,2>
2 ; <0,-1,2,-1,0,8>
2 ; <-1,-1,0,0,1,6>
19
0 ; <1,0,0,0,1,0>
1 ; <0,-1,-2,-1,0,4>
1 ; <-1,0,-2,1,1,-2>
1 ; <-1,-1,2,0,1,-4>
1 ; <0,-1,4,-1,0,-2>
1 ; <1,0,6,-1,-1,0>
1 ; <1,1,2,0,-1,2>
2 ; <0,-1,-6,-1,0,6>
2 ; <1,1,-10,0,-1,2>
2 ; <1,1,-8,0,-1,-2>
2 ; <1,0,-4,-1,-1,-4>
2 ; <-1,-1,4,0,1,-8>
2 ; <-1,0,8,1,1,-10>
2 ; <0,-1,8,-1,0,-4>
2 ; <1,1,12,0,-1,-6>
2 ; <1,1,10,0,-1,-2>
2 ; <-1,0,8,1,1,2>
2 ; <0,-1,2,-1,0,8>
2 ; <-1,-1,0,0,1,6>
19
0 ; <1,0,0,0,1,0>
1 ; <0,-1,-2,-1,0,4>
1 ; <0,1,-4,-1,-1,2>
1 ; <1,1,-2,-1,0,-2>
1 ; <1,0,2,0,1,-4>
1 ; <-1,-1,8,1,0,-4>
1 ; <0,-1,2,1,1,2>
2 ; <0,-1,6,1,1,0>
2 ; <-1,0,6,0,-1,6>
2 ; <-1,-1,0,1,0,6>
2 ; <1,0,-6,0,1,6>
2 ; <1,1,-10,-1,0,8>
2 ; <0,1,-8,-1,-1,4>
2 ; <-1,-1,-4,1,0,-4>
2 ; <0,1,0,-1,-1,-6>
2 ; <0,1,4,-1,-1,-8>
2 ; <0,-1,6,-1,0,-6>
2 ; <0,-1,10,1,1,-8>
2 ; <1,1,10,-1,0,-2>
19
0 ; <1,0,0,0,1,0>
1 ; <0,-1,-2,-1,0,4>
1 ; <0,1,-4,-1,-1,2>
1 ; <1,1,-2,-1,0,-2>
1 ; <1,0,2,0,1,-4>
1 ; <-1,-1,8,1,0,-4>
1 ; <0,-1,2,1,1,2>
2 ; <0,-1,6,1,1,0>
2 ; <-1,0,6,0,-1,6>
2 ; <-1,-1,0,1,0,6>
2 ; <1,0,-6,0,1,6>
2 ; <0,-1,-8,1,1,4>
2 ; <1,0,-10,0,1,2>
2 ; <-1,-1,-4,1,0,-4>
2 ; <0,1,0,-1,-1,-6>
2 ; <0,1,4,-1,-1,-8>
2 ; <0,-1,6,-1,0,-6>
2 ; <0,-1,10,1,1,-8>
2 ; <1,1,10,-1,0,-2>
19
0 ; <1,0,0,0,1,0>
1 ; <0,-1,-2,-1,0,4>
1 ; <0,1,-4,-1,-1,2>
1 ; <1,1,-2,-1,0,-2>
1 ; <1,0,2,0,1,-4>
1 ; <-1,-1,8,1,0,-4>
1 ; <0,-1,2,1,1,2>
2 ; <0,-1,6,1,1,0>
2 ; <1,1,2,-1,0,8>
2 ; <-1,-1,0,1,0,6>
2 ; <1,0,-6,0,1,6>
2 ; <1,1,-10,-1,0,8>
2 ; <0,1,-8,-1,-1,4>
2 ; <-1,-1,-4,1,0,-4>
2 ; <0,1,0,-1,-1,-6>
2 ; <0,1,4,-1,-1,-8>
2 ; <0,-1,6,-1,0,-6>
2 ; <0,-1,10,1,1,-8>
2 ; <1,1,10,-1,0,-2>
19
0 ; <1,0,0,0,1,0>
1 ; <0,-1,-2,-1,0,4>
1 ; <0,1,-4,-1,-1,2>
1 ; <1,1,-2,-1,0,-2>
1 ; <1,0,2,0,1,-4>
1 ; <-1,-1,8,1,0,-4>
1 ; <0,-1,2,1,1,2>
2 ; <0,-1,6,1,1,0>
2 ; <1,1,2,-1,0,8>
2 ; <-1,-1,0,1,0,6>
2 ; <1,0,-6,0,1,6>
2 ; <0,-1,-8,1,1,4>
2 ; <1,0,-10,0,1,2>
2 ; <-1,-1,-4,1,0,-4>
2 ; <0,1,0,-1,-1,-6>
2 ; <0,1,4,-1,-1,-8>
2 ; <0,-1,6,-1,0,-6>
2 ; <0,-1,10,1,1,-8>
2 ; <1,1,10,-1,0,-2>
20
0 ; <1,0,0,0,1,0>
1 ; <0,-1,-2,-1,0,4>
1 ; <0,1,-4,-1,-1,2>
1 ; <1,1,-2,-1,0,-2>
1 ; <1,0,2,0,1,-4>
1 ; <0,1,6,-1,-1,0>
1 ; <0,-1,2,1,1,2>
2 ; <-1,0,8,0,-1,2>
2 ; <-1,0,6,0,-1,6>
2 ; <-1,-1,0,1,0,6>
2 ; <1,0,-6,0,1,6>
2 ; <1,1,-10,-1,0,8>
2 ; <0,1,-8,-1,-1,4>
2 ; <-1,-1,-4,1,0,-4>
2 ; <0,-1,-2,1,1,-8>
2 ; <-1,0,4,0,-1,-8>
2 ; <1,1,6,-1,0,-6>
2 ; <1,1,8,-1,0,-4>
2 ; <1,1,10,-1,0,-2>
2 ; <-1,-1,12,0,1,0>
20
0 ; <1,0,0,0,1,0>
1 ; <0,-1,-2,-1,0,4>
1 ; <0,1,-4,-1,-1,2>
1 ; <1,1,-2,-1,0,-2>
1 ; <1,0,2,0,1,-4>
1 ; <0,1,6,-1,-1,0>
1 ; <0,-1,2,1,1,2>
2 ; <-1,0,8,0,-1,2>
2 ; <-1,0,6,0,-1,6>
2 ; <-1,-1,0,1,0,6>
2 ; <1,0,-6,0,1,6>
2 ; <1,1,-10,-1,0,8>
2 ; <0,1,-8,-1,-1,4>
2 ; <-1,-1,-4,1,0,-4>
2 ; <0,-1,-2,1,1,-8>
2 ; <-1,0,4,0,-1,-8>
2 ; <1,1,6,-1,0,-6>
2 ; <1,1,8,-1,0,-4>
2 ; <-1,0,14,0,-1,-4>
2 ; <0,1,10,1,0,-2>
20
0 ; <1,0,0,0,1,0>
1 ; <0,-1,-2,-1,0,4>
1 ; <0,1,-4,-1,-1,2>
1 ; <1,1,-2,-1,0,-2>
1 ; <1,0,2,0,1,-4>
1 ; <0,1,6,-1,-1,0>
1 ; <0,-1,2,1,1,2>
2 ; <-1,0,8,0,-1,2>
2 ; <-1,0,6,0,-1,6>
2 ; <-1,-1,0,1,0,6>
2 ; <1,0,-6,0,1,6>
2 ; <1,1,-10,-1,0,8>
2 ; <0,1,-8,-1,-1,4>
2 ; <1,0,-8,0,1,-2>
2 ; <1,1,-4,-1,0,-4>
2 ; <-1,0,4,0,-1,-8>
2 ; <1,1,6,-1,0,-6>
2 ; <1,1,8,-1,0,-4>
2 ; <1,1,10,-1,0,-2>
2 ; <-1,-1,12,0,1,0>
20
0 ; <1,0,0,0,1,0>
1 ; <0,-1,-2,-1,0,4>
1 ; <0,1,-4,-1,-1,2>
1 ; <1,1,-2,-1,0,-2>
1 ; <1,0,2,0,1,-4>
1 ; <0,1,6,-1,-1,0>
1 ; <0,-1,2,1,1,2>
2 ; <-1,0,8,0,-1,2>
2 ; <-1,0,6,0,-1,6>
2 ; <-1,-1,0,1,0,6>
2 ; <1,0,-6,0,1,6>
2 ; <1,1,-10,-1,0,8>
2 ; <0,1,-8,-1,-1,4>
2 ; <1,0,-8,0,1,-2>
2 ; <1,1,-4,-1,0,-4>
2 ; <-1,0,4,0,-1,-8>
2 ; <1,1,6,-1,0,-6>
2 ; <1,1,8,-1,0,-4>
2 ; <-1,0,14,0,-1,-4>
2 ; <0,1,10,1,0,-2>
20
0 ; <1,0,0,0,1,0>
1 ; <0,-1,-2,-1,0,4>
1 ; <0,1,-4,-1,-1,2>
1 ; <1,1,-2,-1,0,-2>
1 ; <1,0,2,0,1,-4>
1 ; <0,1,6,-1,-1,0>
1 ; <0,-1,2,1,1,2>
2 ; <-1,0,8,0,-1,2>
2 ; <-1,0,6,0,-1,6>
2 ; <-1,-1,0,1,0,6>
2 ; <1,0,-6,0,1,6>
2 ; <0,-1,-8,1,1,4>
2 ; <1,0,-10,0,1,2>
2 ; <-1,-1,-4,1,0,-4>
2 ; <0,-1,-2,1,1,-8>
2 ; <-1,0,4,0,-1,-8>
2 ; <1,1,6,-1,0,-6>
2 ; <1,1,8,-1,0,-4>
2 ; <1,1,10,-1,0,-2>
2 ; <-1,-1,12,0,1,0>
20
0 ; <1,0,0,0,1,0>
1 ; <0,-1,-2,-1,0,4>
1 ; <0,1,-4,-1,-1,2>
1 ; <1,1,-2,-1,0,-2>
1 ; <1,0,2,0,1,-4>
1 ; <0,1,6,-1,-1,0>
1 ; <0,-1,2,1,1,2>
2 ; <-1,0,8,0,-1,2>
2 ; <-1,0,6,0,-1,6>
2 ; <-1,-1,0,1,0,6>
2 ; <1,0,-6,0,1,6>
2 ; <0,-1,-8,1,1,4>
2 ; <1,0,-10,0,1,2>
2 ; <-1,-1,-4,1,0,-4>
2 ; <0,-1,-2,1,1,-8>
2 ; <-1,0,4,0,-1,-8>
2 ; <1,1,6,-1,0,-6>
2 ; <1,1,8,-1,0,-4>
2 ; <-1,0,14,0,-1,-4>
2 ; <0,1,10,1,0,-2>
20
0 ; <1,0,0,0,1,0>
1 ; <0,-1,-2,-1,0,4>
1 ; <0,1,-4,-1,-1,2>
1 ; <1,1,-2,-1,0,-2>
1 ; <1,0,2,0,1,-4>
1 ; <0,1,6,-1,-1,0>
1 ; <0,-1,2,1,1,2>
2 ; <-1,0,8,0,-1,2>
2 ; <-1,0,6,0,-1,6>
2 ; <-1,-1,0,1,0,6>
2 ; <1,0,-6,0,1,6>
2 ; <0,-1,-8,1,1,4>
2 ; <1,0,-10,0,1,2>
2 ; <1,0,-8,0,1,-2>
2 ; <1,1,-4,-1,0,-4>
2 ; <-1,0,4,0,-1,-8>
2 ; <1,1,6,-1,0,-6>
2 ; <1,1,8,-1,0,-4>
2 ; <1,1,10,-1,0,-2>
2 ; <-1,-1,12,0,1,0>
20
0 ; <1,0,0,0,1,0>
1 ; <0,-1,-2,-1,0,4>
1 ; <0,1,-4,-1,-1,2>
1 ; <1,1,-2,-1,0,-2>
1 ; <1,0,2,0,1,-4>
1 ; <0,1,6,-1,-1,0>
1 ; <0,-1,2,1,1,2>
2 ; <-1,0,8,0,-1,2>
2 ; <-1,0,6,0,-1,6>
2 ; <-1,-1,0,1,0,6>
2 ; <1,0,-6,0,1,6>
2 ; <0,-1,-8,1,1,4>
2 ; <1,0,-10,0,1,2>
2 ; <1,0,-8,0,1,-2>
2 ; <1,1,-4,-1,0,-4>
2 ; <-1,0,4,0,-1,-8>
2 ; <1,1,6,-1,0,-6>
2 ; <1,1,8,-1,0,-4>
2 ; <-1,0,14,0,-1,-4>
2 ; <0,1,10,1,0,-2>
20
0 ; <1,0,0,0,1,0>
1 ; <0,-1,-2,-1,0,4>
1 ; <0,1,-4,-1,-1,2>
1 ; <1,1,-2,-1,0,-2>
1 ; <1,0,2,0,1,-4>
1 ; <0,1,6,-1,-1,0>
1 ; <0,-1,2,1,1,2>
2 ; <-1,0,8,0,-1,2>
2 ; <1,1,2,-1,0,8>
2 ; <-1,-1,0,1,0,6>
2 ; <1,0,-6,0,1,6>
2 ; <1,1,-10,-1,0,8>
2 ; <0,1,-8,-1,-1,4>
2 ; <-1,-1,-4,1,0,-4>
2 ; <0,-1,-2,1,1,-8>
2 ; <0,-1,2,1,1,-10>
2 ; <1,0,4,0,1,-8>
2 ; <-1,-1,10,1,0,-8>
2 ; <-1,-1,12,1,0,-6>
2 ; <1,1,10,0,-1,-2>
19
0 ; <1,0,0,0,1,0>
1 ; <0,-1,-2,-1,0,4>
1 ; <0,1,-4,-1,-1,2>
1 ; <1,1,-2,-1,0,-2>
1 ; <1,0,2,0,1,-4>
1 ; <0,1,6,-1,-1,0>
1 ; <0,-1,2,1,1,2>
2 ; <-1,0,8,0,-1,2>
2 ; <1,1,2,-1,0,8>
2 ; <-1,-1,0,1,0,6>
2 ; <1,0,-6,0,1,6>
2 ; <1,1,-10,-1,0,8>
2 ; <0,1,-8,-1,-1,4>
2 ; <-1,-1,-4,1,0,-4>
2 ; <0,-1,-2,1,1,-8>
2 ; <0,-1,2,1,1,-10>
2 ; <1,0,4,0,1,-8>
2 ; <-1,-1,10,1,0,-8>
2 ; <0,1,10,-1,-1,-2>
20
0 ; <1,0,0,0,1,0>
1 ; <0,-1,-2,-1,0,4>
1 ; <0,1,-4,-1,-1,2>
1 ; <1,1,-2,-1,0,-2>
1 ; <1,0,2,0,1,-4>
1 ; <0,1,6,-1,-1,0>
1 ; <0,-1,2,1,1,2>
2 ; <-1,0,8,0,-1,2>
2 ; <1,1,2,-1,0,8>
2 ; <-1,-1,0,1,0,6>
2 ; <1,0,-6,0,1,6>
2 ; <1,1,-10,-1,0,8>
2 ; <0,1,-8,-1,-1,4>
2 ; <-1,-1,-4,1,0,-4>
2 ; <0,-1,-2,1,1,-8>
2 ; <-1,0,4,0,-1,-8>
2 ; <1,1,6,-1,0,-6>
2 ; <1,1,8,-1,0,-4>
2 ; <1,1,10,-1,0,-2>
2 ; <-1,-1,12,0,1,0>
20
0 ; <1,0,0,0,1,0>
1 ; <0,-1,-2,-1,0,4>
1 ; <0,1,-4,-1,-1,2>
1 ; <1,1,-2,-1,0,-2>
1 ; <1,0,2,0,1,-4>
1 ; <0,1,6,-1,-1,0>
1 ; <0,-1,2,1,1,2>
2 ; <-1,0,8,0,-1,2>
2 ; <1,1,2,-1,0,8>
2 ; <-1,-1,0,1,0,6>
2 ; <1,0,-6,0,1,6>
2 ; <1,1,-10,-1,0,8>
2 ; <0,1,-8,-1,-1,4>
2 ; <-1,-1,-4,1,0,-4>
2 ; <0,-1,-2,1,1,-8>
2 ; <-1,0,4,0,-1,-8>
2 ; <-1,-1,8,1,0,-10>
2 ; <-1,-1,10,1,0,-8>
2 ; <-1,-1,12,1,0,-6>
2 ; <1,1,10,0,-1,-2>
19
0 ; <1,0,0,0,1,0>
1 ; <0,-1,-2,-1,0,4>
1 ; <0,1,-4,-1,-1,2>
1 ; <1,1,-2,-1,0,-2>
1 ; <1,0,2,0,1,-4>
1 ; <0,1,6,-1,-1,0>
1 ; <0,-1,2,1,1,2>
2 ; <-1,0,8,0,-1,2>
2 ; <1,1,2,-1,0,8>
2 ; <-1,-1,0,1,0,6>
2 ; <1,0,-6,0,1,6>
2 ; <1,1,-10,-1,0,8>
2 ; <0,1,-8,-1,-1,4>
2 ; <-1,-1,-4,1,0,-4>
2 ; <0,-1,-2,1,1,-8>
2 ; <-1,0,4,0,-1,-8>
2 ; <-1,-1,8,1,0,-10>
2 ; <-1,-1,10,1,0,-8>
2 ; <0,1,10,-1,-1,-2>
20
0 ; <1,0,0,0,1,0>
1 ; <0,-1,-2,-1,0,4>
1 ; <0,1,-4,-1,-1,2>
1 ; <1,1,-2,-1,0,-2>
1 ; <1,0,2,0,1,-4>
1 ; <0,1,6,-1,-1,0>
1 ; <0,-1,2,1,1,2>
2 ; <-1,0,8,0,-1,2>
2 ; <1,1,2,-1,0,8>
2 ; <-1,-1,0,1,0,6>
2 ; <1,0,-6,0,1,6>
2 ; <1,1,-10,-1,0,8>
2 ; <0,1,-8,-1,-1,4>
2 ; <1,0,-8,0,1,-2>
2 ; <1,1,-4,-1,0,-4>
2 ; <0,-1,2,1,1,-10>
2 ; <1,0,4,0,1,-8>
2 ; <-1,-1,10,1,0,-8>
2 ; <-1,-1,12,1,0,-6>
2 ; <1,1,10,0,-1,-2>
19
0 ; <1,0,0,0,1,0>
1 ; <0,-1,-2,-1,0,4>
1 ; <0,1,-4,-1,-1,2>
1 ; <1,1,-2,-1,0,-2>
1 ; <1,0,2,0,1,-4>
1 ; <0,1,6,-1,-1,0>
1 ; <0,-1,2,1,1,2>
2 ; <-1,0,8,0,-1,2>
2 ; <1,1,2,-1,0,8>
2 ; <-1,-1,0,1,0,6>
2 ; <1,0,-6,0,1,6>
2 ; <1,1,-10,-1,0,8>
2 ; <0,1,-8,-1,-1,4>
2 ; <1,0,-8,0,1,-2>
2 ; <1,1,-4,-1,0,-4>
2 ; <0,-1,2,1,1,-10>
2 ; <1,0,4,0,1,-8>
2 ; <-1,-1,10,1,0,-8>
2 ; <0,1,10,-1,-1,-2>
20
0 ; <1,0,0,0,1,0>
1 ; <0,-1,-2,-1,0,4>
1 ; <0,1,-4,-1,-1,2>
1 ; <1,1,-2,-1,0,-2>
1 ; <1,0,2,0,1,-4>
1 ; <0,1,6,-1,-1,0>
1 ; <0,-1,2,1,1,2>
2 ; <-1,0,8,0,-1,2>
2 ; <1,1,2,-1,0,8>
2 ; <-1,-1,0,1,0,6>
2 ; <1,0,-6,0,1,6>
2 ; <1,1,-10,-1,0,8>
2 ; <0,1,-8,-1,-1,4>
2 ; <1,0,-8,0,1,-2>
2 ; <1,1,-4,-1,0,-4>
2 ; <-1,0,4,0,-1,-8>
2 ; <1,1,6,-1,0,-6>
2 ; <1,1,8,-1,0,-4>
2 ; <1,1,10,-1,0,-2>
2 ; <-1,-1,12,0,1,0>
20
0 ; <1,0,0,0,1,0>
1 ; <0,-1,-2,-1,0,4>
1 ; <0,1,-4,-1,-1,2>
1 ; <1,1,-2,-1,0,-2>
1 ; <1,0,2,0,1,-4>
1 ; <0,1,6,-1,-1,0>
1 ; <0,-1,2,1,1,2>
2 ; <-1,0,8,0,-1,2>
2 ; <1,1,2,-1,0,8>
2 ; <-1,-1,0,1,0,6>
2 ; <1,0,-6,0,1,6>
2 ; <1,1,-10,-1,0,8>
2 ; <0,1,-8,-1,-1,4>
2 ; <1,0,-8,0,1,-2>
2 ; <1,1,-4,-1,0,-4>
2 ; <-1,0,4,0,-1,-8>
2 ; <-1,-1,8,1,0,-10>
2 ; <-1,-1,10,1,0,-8>
2 ; <-1,-1,12,1,0,-6>
2 ; <1,1,10,0,-1,-2>
19
0 ; <1,0,0,0,1,0>
1 ; <0,-1,-2,-1,0,4>
1 ; <0,1,-4,-1,-1,2>
1 ; <1,1,-2,-1,0,-2>
1 ; <1,0,2,0,1,-4>
1 ; <0,1,6,-1,-1,0>
1 ; <0,-1,2,1,1,2>
2 ; <-1,0,8,0,-1,2>
2 ; <1,1,2,-1,0,8>
2 ; <-1,-1,0,1,0,6>
2 ; <1,0,-6,0,1,6>
2 ; <1,1,-10,-1,0,8>
2 ; <0,1,-8,-1,-1,4>
2 ; <1,0,-8,0,1,-2>
2 ; <1,1,-4,-1,0,-4>
2 ; <-1,0,4,0,-1,-8>
2 ; <-1,-1,8,1,0,-10>
2 ; <-1,-1,10,1,0,-8>
2 ; <0,1,10,-1,-1,-2>
20
0 ; <1,0,0,0,1,0>
1 ; <0,-1,-2,-1,0,4>
1 ; <0,1,-4,-1,-1,2>
1 ; <1,1,-2,-1,0,-2>
1 ; <1,0,2,0,1,-4>
1 ; <0,1,6,-1,-1,0>
1 ; <0,-1,2,1,1,2>
2 ; <-1,0,8,0,-1,2>
2 ; <1,1,2,-1,0,8>
2 ; <-1,-1,0,1,0,6>
2 ; <1,0,-6,0,1,6>
2 ; <0,-1,-8,1,1,4>
2 ; <1,0,-10,0,1,2>
2 ; <-1,-1,-4,1,0,-4>
2 ; <0,-1,-2,1,1,-8>
2 ; <0,-1,2,1,1,-10>
2 ; <1,0,4,0,1,-8>
2 ; <-1,-1,10,1,0,-8>
2 ; <-1,-1,12,1,0,-6>
2 ; <1,1,10,0,-1,-2>
19
0 ; <1,0,0,0,1,0>
1 ; <0,-1,-2,-1,0,4>
1 ; <0,1,-4,-1,-1,2>
1 ; <1,1,-2,-1,0,-2>
1 ; <1,0,2,0,1,-4>
1 ; <0,1,6,-1,-1,0>
1 ; <0,-1,2,1,1,2>
2 ; <-1,0,8,0,-1,2>
2 ; <1,1,2,-1,0,8>
2 ; <-1,-1,0,1,0,6>
2 ; <1,0,-6,0,1,6>
2 ; <0,-1,-8,1,1,4>
2 ; <1,0,-10,0,1,2>
2 ; <-1,-1,-4,1,0,-4>
2 ; <0,-1,-2,1,1,-8>
2 ; <0,-1,2,1,1,-10>
2 ; <1,0,4,0,1,-8>
2 ; <-1,-1,10,1,0,-8>
2 ; <0,1,10,-1,-1,-2>
20
0 ; <1,0,0,0,1,0>
1 ; <0,-1,-2,-1,0,4>
1 ; <0,1,-4,-1,-1,2>
1 ; <1,1,-2,-1,0,-2>
1 ; <1,0,2,0,1,-4>
1 ; <0,1,6,-1,-1,0>
1 ; <0,-1,2,1,1,2>
2 ; <-1,0,8,0,-1,2>
2 ; <1,1,2,-1,0,8>
2 ; <-1,-1,0,1,0,6>
2 ; <1,0,-6,0,1,6>
2 ; <0,-1,-8,1,1,4>
2 ; <1,0,-10,0,1,2>
2 ; <-1,-1,-4,1,0,-4>
2 ; <0,-1,-2,1,1,-8>
2 ; <-1,0,4,0,-1,-8>
2 ; <1,1,6,-1,0,-6>
2 ; <1,1,8,-1,0,-4>
2 ; <1,1,10,-1,0,-2>
2 ; <-1,-1,12,0,1,0>
20
0 ; <1,0,0,0,1,0>
1 ; <0,-1,-2,-1,0,4>
1 ; <0,1,-4,-1,-1,2>
1 ; <1,1,-2,-1,0,-2>
1 ; <1,0,2,0,1,-4>
1 ; <0,1,6,-1,-1,0>
1 ; <0,-1,2,1,1,2>
2 ; <-1,0,8,0,-1,2>
2 ; <1,1,2,-1,0,8>
2 ; <-1,-1,0,1,0,6>
2 ; <1,0,-6,0,1,6>
2 ; <0,-1,-8,1,1,4>
2 ; <1,0,-10,0,1,2>
2 ; <-1,-1,-4,1,0,-4>
2 ; <0,-1,-2,1,1,-8>
2 ; <-1,0,4,0,-1,-8>
2 ; <-1,-1,8,1,0,-10>
2 ; <-1,-1,10,1,0,-8>
2 ; <-1,-1,12,1,0,-6>
2 ; <1,1,10,0,-1,-2>
19
0 ; <1,0,0,0,1,0>
1 ; <0,-1,-2,-1,0,4>
1 ; <0,1,-4,-1,-1,2>
1 ; <1,1,-2,-1,0,-2>
1 ; <1,0,2,0,1,-4>
1 ; <0,1,6,-1,-1,0>
1 ; <0,-1,2,1,1,2>
2 ; <-1,0,8,0,-1,2>
2 ; <1,1,2,-1,0,8>
2 ; <-1,-1,0,1,0,6>
2 ; <1,0,-6,0,1,6>
2 ; <0,-1,-8,1,1,4>
2 ; <1,0,-10,0,1,2>
2 ; <-1,-1,-4,1,0,-4>
2 ; <0,-1,-2,1,1,-8>
2 ; <-1,0,4,0,-1,-8>
2 ; <-1,-1,8,1,0,-10>
2 ; <-1,-1,10,1,0,-8>
2 ; <0,1,10,-1,-1,-2>
20
0 ; <1,0,0,0,1,0>
1 ; <0,-1,-2,-1,0,4>
1 ; <0,1,-4,-1,-1,2>
1 ; <1,1,-2,-1,0,-2>
1 ; <1,0,2,0,1,-4>
1 ; <0,1,6,-1,-1,0>
1 ; <0,-1,2,1,1,2>
2 ; <-1,0,8,0,-1,2>
2 ; <1,1,2,-1,0,8>
2 ; <-1,-1,0,1,0,6>
2 ; <1,0,-6,0,1,6>
2 ; <0,-1,-8,1,1,4>
2 ; <1,0,-10,0,1,2>
2 ; <1,0,-8,0,1,-2>
2 ; <1,1,-4,-1,0,-4>
2 ; <0,-1,2,1,1,-10>
2 ; <1,0,4,0,1,-8>
2 ; <-1,-1,10,1,0,-8>
2 ; <-1,-1,12,1,0,-6>
2 ; <1,1,10,0,-1,-2>
19
0 ; <1,0,0,0,1,0>
1 ; <0,-1,-2,-1,0,4>
1 ; <0,1,-4,-1,-1,2>
1 ; <1,1,-2,-1,0,-2>
1 ; <1,0,2,0,1,-4>
1 ; <0,1,6,-1,-1,0>
1 ; <0,-1,2,1,1,2>
2 ; <-1,0,8,0,-1,2>
2 ; <1,1,2,-1,0,8>
2 ; <-1,-1,0,1,0,6>
2 ; <1,0,-6,0,1,6>
2 ; <0,-1,-8,1,1,4>
2 ; <1,0,-10,0,1,2>
2 ; <1,0,-8,0,1,-2>
2 ; <1,1,-4,-1,0,-4>
2 ; <0,-1,2,1,1,-10>
2 ; <1,0,4,0,1,-8>
2 ; <-1,-1,10,1,0,-8>
2 ; <0,1,10,-1,-1,-2>
20
0 ; <1,0,0,0,1,0>
1 ; <0,-1,-2,-1,0,4>
1 ; <0,1,-4,-1,-1,2>
1 ; <1,1,-2,-1,0,-2>
1 ; <1,0,2,0,1,-4>
1 ; <0,1,6,-1,-1,0>
1 ; <0,-1,2,1,1,2>
2 ; <-1,0,8,0,-1,2>
2 ; <1,1,2,-1,0,8>
2 ; <-1,-1,0,1,0,6>
2 ; <1,0,-6,0,1,6>
2 ; <0,-1,-8,1,1,4>
2 ; <1,0,-10,0,1,2>
2 ; <1,0,-8,0,1,-2>
2 ; <1,1,-4,-1,0,-4>
2 ; <-1,0,4,0,-1,-8>
2 ; <1,1,6,-1,0,-6>
2 ; <1,1,8,-1,0,-4>
2 ; <1,1,10,-1,0,-2>
2 ; <-1,-1,12,0,1,0>
20
0 ; <1,0,0,0,1,0>
1 ; <0,-1,-2,-1,0,4>
1 ; <0,1,-4,-1,-1,2>
1 ; <1,1,-2,-1,0,-2>
1 ; <1,0,2,0,1,-4>
1 ; <0,1,6,-1,-1,0>
1 ; <0,-1,2,1,1,2>
2 ; <-1,0,8,0,-1,2>
2 ; <1,1,2,-1,0,8>
2 ; <-1,-1,0,1,0,6>
2 ; <1,0,-6,0,1,6>
2 ; <0,-1,-8,1,1,4>
2 ; <1,0,-10,0,1,2>
2 ; <1,0,-8,0,1,-2>
2 ; <1,1,-4,-1,0,-4>
2 ; <-1,0,4,0,-1,-8>
2 ; <-1,-1,8,1,0,-10>
2 ; <-1,-1,10,1,0,-8>
2 ; <-1,-1,12,1,0,-6>
2 ; <1,1,10,0,-1,-2>
19
0 ; <1,0,0,0,1,0>
1 ; <0,-1,-2,-1,0,4>
1 ; <0,1,-4,-1,-1,2>
1 ; <1,1,-2,-1,0,-2>
1 ; <1,0,2,0,1,-4>
1 ; <0,1,6,-1,-1,0>
1 ; <0,-1,2,1,1,2>
2 ; <-1,0,8,0,-1,2>
2 ; <1,1,2,-1,0,8>
2 ; <-1,-1,0,1,0,6>
2 ; <1,0,-6,0,1,6>
2 ; <0,-1,-8,1,1,4>
2 ; <1,0,-10,0,1,2>
2 ; <1,0,-8,0,1,-2>
2 ; <1,1,-4,-1,0,-4>
2 ; <-1,0,4,0,-1,-8>
2 ; <-1,-1,8,1,0,-10>
2 ; <-1,-1,10,1,0,-8>
2 ; <0,1,10,-1,-1,-2>
20
0 ; <1,0,0,0,1,0>
1 ; <0,-1,-2,-1,0,4>
1 ; <0,1,-4,-1,-1,2>
1 ; <1,1,-2,-1,0,-2>
1 ; <1,0,2,0,1,-4>
1 ; <0,1,6,-1,-1,0>
1 ; <0,-1,2,1,1,2>
2 ; <1,0,4,0,1,4>
2 ; <1,0,2,0,1,8>
2 ; <-1,-1,0,1,0,6>
2 ; <1,0,-6,0,1,6>
2 ; <1,1,-10,-1,0,8>
2 ; <0,1,-8,-1,-1,4>
2 ; <-1,-1,-4,1,0,-4>
2 ; <0,-1,-2,1,1,-8>
2 ; <-1,0,4,0,-1,-8>
2 ; <1,1,6,-1,0,-6>
2 ; <1,1,8,-1,0,-4>
2 ; <1,0,10,0,1,-2>
2 ; <0,-1,8,-1,0,2>
20
0 ; <1,0,0,0,1,0>
1 ; <0,-1,-2,-1,0,4>
1 ; <0,1,-4,-1,-1,2>
1 ; <1,1,-2,-1,0,-2>
1 ; <1,0,2,0,1,-4>
1 ; <0,1,6,-1,-1,0>
1 ; <0,-1,2,1,1,2>
2 ; <1,0,4,0,1,4>
2 ; <1,0,2,0,1,8>
2 ; <-1,-1,0,1,0,6>
2 ; <1,0,-6,0,1,6>
2 ; <1,1,-10,-1,0,8>
2 ; <0,1,-8,-1,-1,4>
2 ; <1,0,-8,0,1,-2>
2 ; <1,1,-4,-1,0,-4>
2 ; <-1,0,4,0,-1,-8>
2 ; <1,1,6,-1,0,-6>
2 ; <1,1,8,-1,0,-4>
2 ; <1,0,10,0,1,-2>
2 ; <0,-1,8,-1,0,2>
20
0 ; <1,0,0,0,1,0>
1 ; <0,-1,-2,-1,0,4>
1 ; <0,1,-4,-1,-1,2>
1 ; <1,1,-2,-1,0,-2>
1 ; <1,0,2,0,1,-4>
1 ; <0,1,6,-1,-1,0>
1 ; <0,-1,2,1,1,2>
2 ; <1,0,4,0,1,4>
2 ; <1,0,2,0,1,8>
2 ; <-1,-1,0,1,0,6>
2 ; <1,0,-6,0,1,6>
2 ; <0,-1,-8,1,1,4>
2 ; <1,0,-10,0,1,2>
2 ; <-1,-1,-4,1,0,-4>
2 ; <0,-1,-2,1,1,-8>
2 ; <-1,0,4,0,-1,-8>
2 ; <1,1,6,-1,0,-6>
2 ; <1,1,8,-1,0,-4>
2 ; <1,0,10,0,1,-2>
2 ; <0,-1,8,-1,0,2>
20
0 ; <1,0,0,0,1,0>
1 ; <0,-1,-2,-1,0,4>
1 ; <0,1,-4,-1,-1,2>
1 ; <1,1,-2,-1,0,-2>
1 ; <1,0,2,0,1,-4>
1 ; <0,1,6,-1,-1,0>
1 ; <0,-1,2,1,1,2>
2 ; <1,0,4,0,1,4>
2 ; <1,0,2,0,1,8>
2 ; <-1,-1,0,1,0,6>
2 ; <1,0,-6,0,1,6>
2 ; <0,-1,-8,1,1,4>
2 ; <1,0,-10,0,1,2>
2 ; <1,0,-8,0,1,-2>
2 ; <1,1,-4,-1,0,-4>
2 ; <-1,0,4,0,-1,-8>
2 ; <1,1,6,-1,0,-6>
2 ; <1,1,8,-1,0,-4>
2 ; <1,0,10,0,1,-2>
2 ; <0,-1,8,-1,0,2>
21
0 ; <1,0,0,0,1,0>
1 ; <-1,-1,-2,0,1,4>
1 ; <1,1,-4,-1,0,2>
1 ; <0,-1,0,1,1,-6>
1 ; <1,0,2,0,1,-4>
1 ; <-1,-1,8,1,0,-4>
1 ; <0,-1,2,1,1,2>
1 ; <1,1,-4,-1,0,8>
2 ; <1,1,-2,-1,0,10>
2 ; <1,0,-8,0,1,10>
2 ; <-1,0,-6,0,-1,6>
2 ; <0,1,-8,-1,-1,4>
2 ; <1,1,-6,-1,0,0>
2 ; <-1,-1,-4,0,1,-4>
2 ; <1,0,-2,0,1,-8>
2 ; <0,1,4,-1,-1,-8>
2 ; <0,-1,6,-1,0,-6>
2 ; <0,-1,10,1,1,-8>
2 ; <1,1,10,-1,0,-2>
2 ; <0,-1,6,1,1,0>
2 ; <-1,0,6,0,-1,6>
23
0 ; <1,0,0,0,1,0>
1 ; <-1,-1,-2,0,1,4>
1 ; <1,1,-4,-1,0,2>
1 ; <-1,0,2,0,-1,-4>
1 ; <1,1,4,-1,0,-2>
1 ; <1,1,6,-1,0,0>
1 ; <0,-1,2,1,1,2>
1 ; <1,1,-4,-1,0,8>
2 ; <-1,-1,6,0,1,-6>
2 ; <1,0,8,0,1,-10>
2 ; <0,-1,10,1,1,-8>
2 ; <1,0,10,0,1,-2>
2 ; <0,-1,8,1,1,2>
2 ; <1,0,4,-1,-1,4>
2 ; <-1,-1,6,1,0,6>
2 ; <-1,0,2,0,-1,8>
2 ; <-1,-1,-2,1,0,10>
2 ; <1,0,-8,0,1,10>
2 ; <-1,0,-6,0,-1,6>
2 ; <0,1,-8,-1,-1,4>
2 ; <1,1,-6,-1,0,0>
2 ; <0,1,0,-1,-1,-6>
2 ; <1,1,4,-1,0,-8>
23
0 ; <1,0,0,0,1,0>
1 ; <-1,-1,-2,0,1,4>
1 ; <1,1,-4,-1,0,2>
1 ; <-1,0,2,0,-1,-4>
1 ; <1,1,4,-1,0,-2>
1 ; <1,1,6,-1,0,0>
1 ; <0,-1,2,1,1,2>
1 ; <1,1,-4,-1,0,8>
2 ; <-1,-1,6,0,1,-6>
2 ; <1,0,8,0,1,-10>
2 ; <0,-1,10,1,1,-8>
2 ; <1,0,10,0,1,-2>
2 ; <0,-1,8,1,1,2>
2 ; <1,0,4,-1,-1,4>
2 ; <-1,-1,6,1,0,6>
2 ; <-1,0,2,0,-1,8>
2 ; <0,1,-2,1,0,10>
2 ; <0,1,-6,-1,-1,12>
2 ; <-1,0,-6,0,-1,6>
2 ; <0,1,-8,-1,-1,4>
2 ; <1,1,-6,-1,0,0>
2 ; <0,1,0,-1,-1,-6>
2 ; <1,1,4,-1,0,-8>
21
0 ; <1,0,0,0,1,0>
1 ; <-1,-1,-2,0,1,4>
1 ; <1,1,-4,-1,0,2>
1 ; <-1,0,2,0,-1,-4>
1 ; <-1,-1,6,1,0,-6>
1 ; <-1,-1,8,1,0,-4>
1 ; <0,-1,2,1,1,2>
1 ; <1,1,-4,-1,0,8>
2 ; <1,1,-2,-1,0,10>
2 ; <1,0,-8,0,1,10>
2 ; <-1,0,-6,0,-1,6>
2 ; <0,1,-8,-1,-1,4>
2 ; <1,1,-6,-1,0,0>
2 ; <0,1,0,-1,-1,-6>
2 ; <-1,-1,6,1,0,-12>
2 ; <1,1,4,0,-1,-8>
2 ; <1,0,8,0,1,-10>
2 ; <0,-1,10,1,1,-8>
2 ; <1,1,10,-1,0,-2>
2 ; <0,-1,6,1,1,0>
2 ; <-1,0,6,0,-1,6>
22
0 ; <1,0,0,0,1,0>
1 ; <-1,-1,-2,0,1,4>
1 ; <1,1,-4,-1,0,2>
1 ; <-1,0,2,0,-1,-4>
1 ; <-1,-1,6,1,0,-6>
1 ; <0,1,6,-1,-1,0>
1 ; <0,-1,2,1,1,2>
1 ; <1,1,-4,-1,0,8>
2 ; <1,1,-2,-1,0,10>
2 ; <1,0,-8,0,1,10>
2 ; <-1,0,-6,0,-1,6>
2 ; <0,1,-8,-1,-1,4>
2 ; <1,1,-6,-1,0,0>
2 ; <0,-1,-2,1,1,-8>
2 ; <0,-1,2,1,1,-10>
2 ; <1,0,4,-1,-1,-8>
2 ; <0,-1,8,1,1,-10>
2 ; <1,1,8,-1,0,-4>
2 ; <1,1,10,-1,0,-2>
2 ; <-1,-1,12,0,1,0>
2 ; <-1,0,8,0,-1,2>
2 ; <-1,0,6,0,-1,6>
22
0 ; <1,0,0,0,1,0>
1 ; <-1,-1,-2,0,1,4>
1 ; <1,1,-4,-1,0,2>
1 ; <-1,0,2,0,-1,-4>
1 ; <-1,-1,6,1,0,-6>
1 ; <0,1,6,-1,-1,0>
1 ; <0,-1,2,1,1,2>
1 ; <1,1,-4,-1,0,8>
2 ; <1,1,-2,-1,0,10>
2 ; <1,0,-8,0,1,10>
2 ; <-1,0,-6,0,-1,6>
2 ; <0,1,-8,-1,-1,4>
2 ; <1,1,-6,-1,0,0>
2 ; <0,-1,-2,1,1,-8>
2 ; <0,-1,2,1,1,-10>
2 ; <1,0,4,-1,-1,-8>
2 ; <0,-1,8,1,1,-10>
2 ; <1,1,8,-1,0,-4>
2 ; <1,0,10,0,1,-2>
2 ; <0,-1,8,-1,0,2>
2 ; <1,0,4,0,1,4>
2 ; <1,0,2,0,1,8>
22
0 ; <1,0,0,0,1,0>
1 ; <-1,-1,-2,0,1,4>
1 ; <1,1,-4,-1,0,2>
1 ; <-1,0,2,0,-1,-4>
1 ; <-1,-1,6,1,0,-6>
1 ; <0,1,6,-1,-1,0>
1 ; <0,-1,2,1,1,2>
1 ; <1,1,-4,-1,0,8>
2 ; <1,1,-2,-1,0,10>
2 ; <1,0,-8,0,1,10>
2 ; <-1,0,-6,0,-1,6>
2 ; <0,1,-8,-1,-1,4>
2 ; <1,1,-6,-1,0,0>
2 ; <0,-1,-2,1,1,-8>
2 ; <0,-1,2,1,1,-10>
2 ; <1,0,4,-1,-1,-8>
2 ; <0,-1,8,1,1,-10>
2 ; <1,1,8,-1,0,-4>
2 ; <-1,0,14,0,-1,-4>
2 ; <0,1,10,1,0,-2>
2 ; <-1,0,8,0,-1,2>
2 ; <-1,0,6,0,-1,6>
22
0 ; <1,0,0,0,1,0>
1 ; <-1,-1,-2,0,1,4>
1 ; <1,1,-4,-1,0,2>
1 ; <-1,0,2,0,-1,-4>
1 ; <-1,-1,6,1,0,-6>
1 ; <0,1,6,-1,-1,0>
1 ; <0,-1,2,1,1,2>
1 ; <1,1,-4,-1,0,8>
2 ; <1,1,-2,-1,0,10>
2 ; <1,0,-8,0,1,10>
2 ; <-1,0,-6,0,-1,6>
2 ; <0,1,-8,-1,-1,4>
2 ; <1,1,-6,-1,0,0>
2 ; <0,-1,-2,1,1,-8>
2 ; <-1,0,4,0,-1,-8>
2 ; <0,1,6,1,0,-12>
2 ; <0,-1,8,1,1,-10>
2 ; <1,1,8,-1,0,-4>
2 ; <1,1,10,-1,0,-2>
2 ; <-1,-1,12,0,1,0>
2 ; <-1,0,8,0,-1,2>
2 ; <-1,0,6,0,-1,6>
22
0 ; <1,0,0,0,1,0>
1 ; <-1,-1,-2,0,1,4>
1 ; <1,1,-4,-1,0,2>
1 ; <-1,0,2,0,-1,-4>
1 ; <-1,-1,6,1,0,-6>
1 ; <0,1,6,-1,-1,0>
1 ; <0,-1,2,1,1,2>
1 ; <1,1,-4,-1,0,8>
2 ; <1,1,-2,-1,0,10>
2 ; <1,0,-8,0,1,10>
2 ; <-1,0,-6,0,-1,6>
2 ; <0,1,-8,-1,-1,4>
2 ; <1,1,-6,-1,0,0>
2 ; <0,-1,-2,1,1,-8>
2 ; <-1,0,4,0,-1,-8>
2 ; <0,1,6,1,0,-12>
2 ; <0,-1,8,1,1,-10>
2 ; <1,1,8,-1,0,-4>
2 ; <1,0,10,0,1,-2>
2 ; <0,-1,8,-1,0,2>
2 ; <1,0,4,0,1,4>
2 ; <1,0,2,0,1,8>
22
0 ; <1,0,0,0,1,0>
1 ; <-1,-1,-2,0,1,4>
1 ; <1,1,-4,-1,0,2>
1 ; <-1,0,2,0,-1,-4>
1 ; <-1,-1,6,1,0,-6>
1 ; <0,1,6,-1,-1,0>
1 ; <0,-1,2,1,1,2>
1 ; <1,1,-4,-1,0,8>
2 ; <1,1,-2,-1,0,10>
2 ; <1,0,-8,0,1,10>
2 ; <-1,0,-6,0,-1,6>
2 ; <0,1,-8,-1,-1,4>
2 ; <1,1,-6,-1,0,0>
2 ; <0,-1,-2,1,1,-8>
2 ; <-1,0,4,0,-1,-8>
2 ; <0,1,6,1,0,-12>
2 ; <0,-1,8,1,1,-10>
2 ; <1,1,8,-1,0,-4>
2 ; <-1,0,14,0,-1,-4>
2 ; <0,1,10,1,0,-2>
2 ; <-1,0,8,0,-1,2>
2 ; <-1,0,6,0,-1,6>
22
0 ; <1,0,0,0,1,0>
1 ; <-1,-1,-2,0,1,4>
1 ; <1,1,-4,-1,0,2>
1 ; <-1,0,2,0,-1,-4>
1 ; <-1,-1,6,1,0,-6>
1 ; <0,1,6,-1,-1,0>
1 ; <0,-1,2,1,1,2>
1 ; <1,1,-4,-1,0,8>
2 ; <1,1,-2,-1,0,10>
2 ; <1,0,-8,0,1,10>
2 ; <-1,0,-6,0,-1,6>
2 ; <0,1,-8,-1,-1,4>
2 ; <1,1,-6,-1,0,0>
2 ; <0,1,0,-1,-1,-6>
2 ; <0,1,4,-1,-1,-8>
2 ; <-1,0,8,1,1,-10>
2 ; <0,1,10,-1,-1,-8>
2 ; <1,1,8,-1,0,-4>
2 ; <1,1,10,-1,0,-2>
2 ; <-1,-1,12,0,1,0>
2 ; <-1,0,8,0,-1,2>
2 ; <-1,0,6,0,-1,6>
22
0 ; <1,0,0,0,1,0>
1 ; <-1,-1,-2,0,1,4>
1 ; <1,1,-4,-1,0,2>
1 ; <-1,0,2,0,-1,-4>
1 ; <-1,-1,6,1,0,-6>
1 ; <0,1,6,-1,-1,0>
1 ; <0,-1,2,1,1,2>
1 ; <1,1,-4,-1,0,8>
2 ; <1,1,-2,-1,0,10>
2 ; <1,0,-8,0,1,10>
2 ; <-1,0,-6,0,-1,6>
2 ; <0,1,-8,-1,-1,4>
2 ; <1,1,-6,-1,0,0>
2 ; <0,1,0,-1,-1,-6>
2 ; <0,1,4,-1,-1,-8>
2 ; <-1,0,8,1,1,-10>
2 ; <0,1,10,-1,-1,-8>
2 ; <1,1,8,-1,0,-4>
2 ; <1,0,10,0,1,-2>
2 ; <0,-1,8,-1,0,2>
2 ; <1,0,4,0,1,4>
2 ; <1,0,2,0,1,8>
22
0 ; <1,0,0,0,1,0>
1 ; <-1,-1,-2,0,1,4>
1 ; <1,1,-4,-1,0,2>
1 ; <-1,0,2,0,-1,-4>
1 ; <-1,-1,6,1,0,-6>
1 ; <0,1,6,-1,-1,0>
1 ; <0,-1,2,1,1,2>
1 ; <1,1,-4,-1,0,8>
2 ; <1,1,-2,-1,0,10>
2 ; <1,0,-8,0,1,10>
2 ; <-1,0,-6,0,-1,6>
2 ; <0,1,-8,-1,-1,4>
2 ; <1,1,-6,-1,0,0>
2 ; <0,1,0,-1,-1,-6>
2 ; <0,1,4,-1,-1,-8>
2 ; <-1,0,8,1,1,-10>
2 ; <0,1,10,-1,-1,-8>
2 ; <1,1,8,-1,0,-4>
2 ; <-1,0,14,0,-1,-4>
2 ; <0,1,10,1,0,-2>
2 ; <-1,0,8,0,-1,2>
2 ; <-1,0,6,0,-1,6>
22
0 ; <1,0,0,0,1,0>
1 ; <-1,-1,-2,0,1,4>
1 ; <1,1,-4,-1,0,2>
1 ; <-1,0,2,0,-1,-4>
1 ; <-1,-1,6,1,0,-6>
1 ; <0,1,6,-1,-1,0>
1 ; <0,-1,2,1,1,2>
1 ; <1,1,-4,-1,0,8>
2 ; <1,1,-2,-1,0,10>
2 ; <0,1,-6,-1,-1,12>
2 ; <-1,0,-6,0,-1,6>
2 ; <0,1,-8,-1,-1,4>
2 ; <1,1,-6,-1,0,0>
2 ; <0,-1,-2,1,1,-8>
2 ; <0,-1,2,1,1,-10>
2 ; <1,0,4,-1,-1,-8>
2 ; <0,-1,8,1,1,-10>
2 ; <1,1,8,-1,0,-4>
2 ; <1,0,10,0,1,-2>
2 ; <0,-1,8,-1,0,2>
2 ; <1,0,4,0,1,4>
2 ; <1,0,2,0,1,8>
22
0 ; <1,0,0,0,1,0>
1 ; <-1,-1,-2,0,1,4>
1 ; <1,1,-4,-1,0,2>
1 ; <-1,0,2,0,-1,-4>
1 ; <-1,-1,6,1,0,-6>
1 ; <0,1,6,-1,-1,0>
1 ; <0,-1,2,1,1,2>
1 ; <1,1,-4,-1,0,8>
2 ; <1,1,-2,-1,0,10>
2 ; <0,1,-6,-1,-1,12>
2 ; <-1,0,-6,0,-1,6>
2 ; <0,1,-8,-1,-1,4>
2 ; <1,1,-6,-1,0,0>
2 ; <0,-1,-2,1,1,-8>
2 ; <-1,0,4,0,-1,-8>
2 ; <0,1,6,1,0,-12>
2 ; <0,-1,8,1,1,-10>
2 ; <1,1,8,-1,0,-4>
2 ; <1,0,10,0,1,-2>
2 ; <0,-1,8,-1,0,2>
2 ; <1,0,4,0,1,4>
2 ; <1,0,2,0,1,8>
22
0 ; <1,0,0,0,1,0>
1 ; <-1,-1,-2,0,1,4>
1 ; <1,1,-4,-1,0,2>
1 ; <-1,0,2,0,-1,-4>
1 ; <-1,-1,6,1,0,-6>
1 ; <0,1,6,-1,-1,0>
1 ; <0,-1,2,1,1,2>
1 ; <1,1,-4,-1,0,8>
2 ; <1,1,-2,-1,0,10>
2 ; <0,1,-6,-1,-1,12>
2 ; <-1,0,-6,0,-1,6>
2 ; <0,1,-8,-1,-1,4>
2 ; <1,1,-6,-1,0,0>
2 ; <0,1,0,-1,-1,-6>
2 ; <0,1,4,-1,-1,-8>
2 ; <-1,0,8,1,1,-10>
2 ; <0,1,10,-1,-1,-8>
2 ; <1,1,8,-1,0,-4>
2 ; <1,0,10,0,1,-2>
2 ; <0,-1,8,-1,0,2>
2 ; <1,0,4,0,1,4>
2 ; <1,0,2,0,1,8>
23
0 ; <1,0,0,0,1,0>
1 ; <-1,-1,-2,0,1,4>
1 ; <1,1,-4,-1,0,2>
1 ; <-1,0,2,0,-1,-4>
1 ; <-1,-1,6,1,0,-6>
1 ; <0,1,6,-1,-1,0>
1 ; <0,-1,2,1,1,2>
1 ; <1,1,-4,-1,0,8>
2 ; <-1,0,2,0,-1,8>
2 ; <0,1,-2,1,0,10>
2 ; <0,1,-6,-1,-1,12>
2 ; <-1,0,-6,0,-1,6>
2 ; <0,1,-8,-1,-1,4>
2 ; <1,1,-6,-1,0,0>
2 ; <0,-1,-2,1,1,-8>
2 ; <0,-1,2,1,1,-10>
2 ; <1,0,4,-1,-1,-8>
2 ; <0,-1,8,1,1,-10>
2 ; <1,1,8,-1,0,-4>
2 ; <1,0,10,0,1,-2>
2 ; <0,-1,8,-1,0,2>
2 ; <1,0,4,0,1,4>
2 ; <0,1,4,-1,-1,10>
23
0 ; <1,0,0,0,1,0>
1 ; <-1,-1,-2,0,1,4>
1 ; <1,1,-4,-1,0,2>
1 ; <-1,0,2,0,-1,-4>
1 ; <-1,-1,6,1,0,-6>
1 ; <0,1,6,-1,-1,0>
1 ; <0,-1,2,1,1,2>
1 ; <1,1,-4,-1,0,8>
2 ; <-1,0,2,0,-1,8>
2 ; <0,1,-2,1,0,10>
2 ; <0,1,-6,-1,-1,12>
2 ; <-1,0,-6,0,-1,6>
2 ; <0,1,-8,-1,-1,4>
2 ; <1,1,-6,-1,0,0>
2 ; <0,-1,-2,1,1,-8>
2 ; <-1,0,4,0,-1,-8>
2 ; <0,1,6,1,0,-12>
2 ; <0,-1,8,1,1,-10>
2 ; <1,1,8,-1,0,-4>
2 ; <1,0,10,0,1,-2>
2 ; <0,-1,8,-1,0,2>
2 ; <1,0,4,0,1,4>
2 ; <0,1,4,-1,-1,10>
23
0 ; <1,0,0,0,1,0>
1 ; <-1,-1,-2,0,1,4>
1 ; <1,1,-4,-1,0,2>
1 ; <-1,0,2,0,-1,-4>
1 ; <-1,-1,6,1,0,-6>
1 ; <0,1,6,-1,-1,0>
1 ; <0,-1,2,1,1,2>
1 ; <1,1,-4,-1,0,8>
2 ; <-1,0,2,0,-1,8>
2 ; <0,1,-2,1,0,10>
2 ; <0,1,-6,-1,-1,12>
2 ; <-1,0,-6,0,-1,6>
2 ; <0,1,-8,-1,-1,4>
2 ; <1,1,-6,-1,0,0>
2 ; <0,1,0,-1,-1,-6>
2 ; <0,1,4,-1,-1,-8>
2 ; <-1,0,8,1,1,-10>
2 ; <0,1,10,-1,-1,-8>
2 ; <1,1,8,-1,0,-4>
2 ; <1,0,10,0,1,-2>
2 ; <0,-1,8,-1,0,2>
2 ; <1,0,4,0,1,4>
2 ; <0,1,4,-1,-1,10>
21
0 ; <1,0,0,0,1,0>
1 ; <0,-1,-2,1,1,4>
1 ; <1,0,-6,-1,-1,6>
1 ; <1,1,-4,-1,0,2>
1 ; <0,-1,0,1,1,-6>
1 ; <1,0,2,0,1,-4>
1 ; <-1,-1,8,1,0,-4>
1 ; <0,-1,2,1,1,2>
2 ; <0,-1,6,1,1,0>
2 ; <-1,0,6,0,-1,6>
2 ; <1,1,-2,-1,0,10>
2 ; <-1,-1,-4,1,0,8>
2 ; <-1,0,-8,0,-1,10>
2 ; <0,-1,-8,1,1,4>
2 ; <-1,-1,-6,1,0,0>
2 ; <0,-1,-4,1,1,-4>
2 ; <1,0,-2,0,1,-8>
2 ; <0,1,4,-1,-1,-8>
2 ; <0,-1,6,-1,0,-6>
2 ; <0,-1,10,1,1,-8>
2 ; <1,1,10,-1,0,-2>
22
0 ; <1,0,0,0,1,0>
1 ; <0,-1,-2,1,1,4>
1 ; <1,0,-6,-1,-1,6>
1 ; <1,1,-4,-1,0,2>
1 ; <0,-1,0,1,1,-6>
1 ; <1,0,2,0,1,-4>
1 ; <-1,-1,8,1,0,-4>
1 ; <0,-1,2,1,1,2>
2 ; <0,-1,6,1,1,0>
2 ; <-1,0,6,0,-1,6>
2 ; <1,1,-2,-1,0,10>
2 ; <-1,-1,-4,1,0,8>
2 ; <-1,0,-8,0,-1,10>
2 ; <0,-1,-8,1,1,4>
2 ; <1,0,-10,0,1,2>
2 ; <1,1,-6,-1,0,0>
2 ; <-1,-1,-4,0,1,-4>
2 ; <1,0,-2,0,1,-8>
2 ; <0,1,4,-1,-1,-8>
2 ; <0,-1,6,-1,0,-6>
2 ; <0,-1,10,1,1,-8>
2 ; <1,1,10,-1,0,-2>
23
0 ; <1,0,0,0,1,0>
1 ; <0,-1,-2,1,1,4>
1 ; <1,0,-6,-1,-1,6>
1 ; <1,1,-4,-1,0,2>
1 ; <-1,0,2,0,-1,-4>
1 ; <1,1,4,-1,0,-2>
1 ; <1,1,6,-1,0,0>
1 ; <0,-1,2,1,1,2>
2 ; <-1,-1,6,0,1,-6>
2 ; <1,0,8,0,1,-10>
2 ; <0,-1,10,1,1,-8>
2 ; <1,0,10,0,1,-2>
2 ; <0,-1,8,1,1,2>
2 ; <1,0,4,-1,-1,4>
2 ; <-1,-1,6,1,0,6>
2 ; <-1,0,2,0,-1,8>
2 ; <-1,-1,-4,1,0,8>
2 ; <-1,0,-8,0,-1,10>
2 ; <0,-1,-8,1,1,4>
2 ; <-1,-1,-6,1,0,0>
2 ; <0,-1,-4,1,1,-4>
2 ; <0,1,0,-1,-1,-6>
2 ; <1,1,4,-1,0,-8>
22
0 ; <1,0,0,0,1,0>
1 ; <0,-1,-2,1,1,4>
1 ; <1,0,-6,-1,-1,6>
1 ; <1,1,-4,-1,0,2>
1 ; <-1,0,2,0,-1,-4>
1 ; <-1,-1,6,1,0,-6>
1 ; <-1,-1,8,1,0,-4>
1 ; <0,-1,2,1,1,2>
2 ; <0,-1,6,1,1,0>
2 ; <-1,0,6,0,-1,6>
2 ; <1,1,-2,-1,0,10>
2 ; <-1,-1,-4,1,0,8>
2 ; <-1,0,-8,0,-1,10>
2 ; <0,-1,-8,1,1,4>
2 ; <-1,-1,-6,1,0,0>
2 ; <0,-1,-4,1,1,-4>
2 ; <0,1,0,-1,-1,-6>
2 ; <-1,-1,6,1,0,-12>
2 ; <1,1,4,0,-1,-8>
2 ; <1,0,8,0,1,-10>
2 ; <0,-1,10,1,1,-8>
2 ; <1,1,10,-1,0,-2>
23
0 ; <1,0,0,0,1,0>
1 ; <0,-1,-2,1,1,4>
1 ; <1,0,-6,-1,-1,6>
1 ; <1,1,-4,-1,0,2>
1 ; <-1,0,2,0,-1,-4>
1 ; <-1,-1,6,1,0,-6>
1 ; <0,1,6,-1,-1,0>
1 ; <0,-1,2,1,1,2>
2 ; <-1,0,8,0,-1,2>
2 ; <-1,0,6,0,-1,6>
2 ; <1,1,-2,-1,0,10>
2 ; <-1,-1,-4,1,0,8>
2 ; <-1,0,-8,0,-1,10>
2 ; <0,-1,-8,1,1,4>
2 ; <-1,-1,-6,1,0,0>
2 ; <0,-1,-4,1,1,-4>
2 ; <0,1,0,-1,-1,-6>
2 ; <0,1,4,-1,-1,-8>
2 ; <-1,0,8,1,1,-10>
2 ; <0,1,10,-1,-1,-8>
2 ; <1,1,8,-1,0,-4>
2 ; <1,1,10,-1,0,-2>
2 ; <-1,-1,12,0,1,0>
23
0 ; <1,0,0,0,1,0>
1 ; <0,-1,-2,1,1,4>
1 ; <1,0,-6,-1,-1,6>
1 ; <1,1,-4,-1,0,2>
1 ; <-1,0,2,0,-1,-4>
1 ; <-1,-1,6,1,0,-6>
1 ; <0,1,6,-1,-1,0>
1 ; <0,-1,2,1,1,2>
2 ; <-1,0,8,0,-1,2>
2 ; <-1,0,6,0,-1,6>
2 ; <1,1,-2,-1,0,10>
2 ; <-1,-1,-4,1,0,8>
2 ; <-1,0,-8,0,-1,10>
2 ; <0,-1,-8,1,1,4>
2 ; <-1,-1,-6,1,0,0>
2 ; <0,-1,-4,1,1,-4>
2 ; <0,1,0,-1,-1,-6>
2 ; <0,1,4,-1,-1,-8>
2 ; <-1,0,8,1,1,-10>
2 ; <0,1,10,-1,-1,-8>
2 ; <1,1,8,-1,0,-4>
2 ; <-1,0,14,0,-1,-4>
2 ; <0,1,10,1,0,-2>
23
0 ; <1,0,0,0,1,0>
1 ; <0,-1,-2,1,1,4>
1 ; <1,0,-6,-1,-1,6>
1 ; <1,1,-4,-1,0,2>
1 ; <-1,0,2,0,-1,-4>
1 ; <-1,-1,6,1,0,-6>
1 ; <0,1,6,-1,-1,0>
1 ; <0,-1,2,1,1,2>
2 ; <1,0,4,0,1,4>
2 ; <1,0,2,0,1,8>
2 ; <1,1,-2,-1,0,10>
2 ; <-1,-1,-4,1,0,8>
2 ; <-1,0,-8,0,-1,10>
2 ; <0,-1,-8,1,1,4>
2 ; <-1,-1,-6,1,0,0>
2 ; <0,-1,-4,1,1,-4>
2 ; <0,1,0,-1,-1,-6>
2 ; <0,1,4,-1,-1,-8>
2 ; <-1,0,8,1,1,-10>
2 ; <0,1,10,-1,-1,-8>
2 ; <1,1,8,-1,0,-4>
2 ; <1,0,10,0,1,-2>
2 ; <0,-1,8,-1,0,2>
20
0 ; <1,0,0,0,1,0>
1 ; <1,0,-2,0,1,4>
1 ; <0,-1,-2,1,1,-2>
1 ; <0,1,2,-1,-1,-4>
1 ; <0,-1,4,-1,0,-2>
1 ; <0,-1,8,1,1,-4>
1 ; <-1,-1,6,1,0,0>
2 ; <1,1,-6,-1,0,6>
2 ; <0,-1,-6,1,1,0>
2 ; <1,0,-4,0,1,-4>
2 ; <-1,-1,2,1,0,-10>
2 ; <1,1,4,-1,0,-8>
2 ; <1,0,6,0,1,-6>
2 ; <0,1,12,-1,-1,-6>
2 ; <-1,0,14,0,-1,-4>
2 ; <-1,0,12,0,-1,0>
2 ; <-1,-1,8,1,0,2>
2 ; <0,1,2,-1,-1,8>
2 ; <0,1,-2,-1,-1,10>
2 ; <-1,0,-4,1,1,8>
19
0 ; <1,0,0,0,1,0>
1 ; <1,0,-2,0,1,4>
1 ; <0,-1,-2,1,1,-2>
1 ; <0,1,2,-1,-1,-4>
1 ; <0,-1,4,-1,0,-2>
1 ; <0,-1,8,1,1,-4>
1 ; <-1,-1,6,1,0,0>
2 ; <1,1,-6,-1,0,6>
2 ; <0,-1,-6,1,1,0>
2 ; <1,0,-4,0,1,-4>
2 ; <-1,-1,2,1,0,-10>
2 ; <1,1,4,-1,0,-8>
2 ; <1,0,6,0,1,-6>
2 ; <0,1,12,-1,-1,-6>
2 ; <-1,0,14,0,-1,-4>
2 ; <-1,0,12,0,-1,0>
2 ; <-1,-1,8,1,0,2>
2 ; <0,1,2,-1,-1,8>
2 ; <1,0,-4,0,1,8>
20
0 ; <1,0,0,0,1,0>
1 ; <1,0,-2,0,1,4>
1 ; <0,-1,-2,1,1,-2>
1 ; <0,1,2,-1,-1,-4>
1 ; <0,-1,4,-1,0,-2>
1 ; <0,-1,8,1,1,-4>
1 ; <-1,-1,6,1,0,0>
2 ; <1,1,-6,-1,0,6>
2 ; <0,-1,-6,1,1,0>
2 ; <1,0,-4,0,1,-4>
2 ; <-1,-1,2,1,0,-10>
2 ; <1,1,4,-1,0,-8>
2 ; <1,0,6,0,1,-6>
2 ; <0,1,12,-1,-1,-6>
2 ; <-1,0,14,0,-1,-4>
2 ; <1,1,8,-1,0,2>
2 ; <0,1,6,-1,-1,6>
2 ; <0,1,2,-1,-1,8>
2 ; <0,1,-2,-1,-1,10>
2 ; <-1,0,-4,1,1,8>
19
0 ; <1,0,0,0,1,0>
1 ; <1,0,-2,0,1,4>
1 ; <0,-1,-2,1,1,-2>
1 ; <0,1,2,-1,-1,-4>
1 ; <0,-1,4,-1,0,-2>
1 ; <0,-1,8,1,1,-4>
1 ; <-1,-1,6,1,0,0>
2 ; <1,1,-6,-1,0,6>
2 ; <0,-1,-6,1,1,0>
2 ; <1,0,-4,0,1,-4>
2 ; <-1,-1,2,1,0,-10>
2 ; <1,1,4,-1,0,-8>
2 ; <1,0,6,0,1,-6>
2 ; <0,1,12,-1,-1,-6>
2 ; <-1,0,14,0,-1,-4>
2 ; <1,1,8,-1,0,2>
2 ; <0,1,6,-1,-1,6>
2 ; <0,1,2,-1,-1,8>
2 ; <1,0,-4,0,1,8>
20
0 ; <1,0,0,0,1,0>
1 ; <1,0,-2,0,1,4>
1 ; <0,-1,-2,1,1,-2>
1 ; <0,1,2,-1,-1,-4>
1 ; <0,-1,4,-1,0,-2>
1 ; <0,-1,8,1,1,-4>
1 ; <-1,-1,6,1,0,0>
2 ; <1,1,-6,-1,0,6>
2 ; <0,-1,-6,1,1,0>
2 ; <1,0,-4,0,1,-4>
2 ; <-1,-1,2,1,0,-10>
2 ; <1,1,4,-1,0,-8>
2 ; <1,0,6,0,1,-6>
2 ; <0,1,12,-1,-1,-6>
2 ; <-1,0,14,0,-1,-4>
2 ; <1,1,8,-1,0,2>
2 ; <0,-1,4,1,1,4>
2 ; <0,-1,0,1,1,6>
2 ; <0,-1,-4,1,1,8>
2 ; <1,0,-8,-1,-1,10>
20
0 ; <1,0,0,0,1,0>
1 ; <1,0,-2,0,1,4>
1 ; <0,-1,-2,1,1,-2>
1 ; <0,1,2,-1,-1,-4>
1 ; <0,-1,4,-1,0,-2>
1 ; <0,-1,8,1,1,-4>
1 ; <-1,-1,6,1,0,0>
2 ; <1,1,-6,-1,0,6>
2 ; <0,-1,-6,1,1,0>
2 ; <1,0,-4,0,1,-4>
2 ; <-1,-1,2,1,0,-10>
2 ; <1,1,4,-1,0,-8>
2 ; <1,0,6,0,1,-6>
2 ; <-1,-1,14,1,0,-10>
2 ; <0,-1,12,1,1,-6>
2 ; <-1,0,12,0,-1,0>
2 ; <-1,-1,8,1,0,2>
2 ; <0,1,2,-1,-1,8>
2 ; <0,1,-2,-1,-1,10>
2 ; <-1,0,-4,1,1,8>
19
0 ; <1,0,0,0,1,0>
1 ; <1,0,-2,0,1,4>
1 ; <0,-1,-2,1,1,-2>
1 ; <0,1,2,-1,-1,-4>
1 ; <0,-1,4,-1,0,-2>
1 ; <0,-1,8,1,1,-4>
1 ; <-1,-1,6,1,0,0>
2 ; <1,1,-6,-1,0,6>
2 ; <0,-1,-6,1,1,0>
2 ; <1,0,-4,0,1,-4>
2 ; <-1,-1,2,1,0,-10>
2 ; <1,1,4,-1,0,-8>
2 ; <1,0,6,0,1,-6>
2 ; <-1,-1,14,1,0,-10>
2 ; <0,-1,12,1,1,-6>
2 ; <-1,0,12,0,-1,0>
2 ; <-1,-1,8,1,0,2>
2 ; <0,1,2,-1,-1,8>
2 ; <1,0,-4,0,1,8>
20
0 ; <1,0,0,0,1,0>
1 ; <1,0,-2,0,1,4>
1 ; <0,-1,-2,1,1,-2>
1 ; <0,1,2,-1,-1,-4>
1 ; <0,-1,4,-1,0,-2>
1 ; <0,-1,8,1,1,-4>
1 ; <-1,-1,6,1,0,0>
2 ; <1,1,-6,-1,0,6>
2 ; <0,-1,-6,1,1,0>
2 ; <1,0,-4,0,1,-4>
2 ; <-1,-1,2,1,0,-10>
2 ; <1,1,4,-1,0,-8>
2 ; <1,0,6,0,1,-6>
2 ; <-1,-1,14,1,0,-10>
2 ; <0,-1,12,1,1,-6>
2 ; <1,1,8,-1,0,2>
2 ; <0,1,6,-1,-1,6>
2 ; <0,1,2,-1,-1,8>
2 ; <0,1,-2,-1,-1,10>
2 ; <-1,0,-4,1,1,8>
19
0 ; <1,0,0,0,1,0>
1 ; <1,0,-2,0,1,4>
1 ; <0,-1,-2,1,1,-2>
1 ; <0,1,2,-1,-1,-4>
1 ; <0,-1,4,-1,0,-2>
1 ; <0,-1,8,1,1,-4>
1 ; <-1,-1,6,1,0,0>
2 ; <1,1,-6,-1,0,6>
2 ; <0,-1,-6,1,1,0>
2 ; <1,0,-4,0,1,-4>
2 ; <-1,-1,2,1,0,-10>
2 ; <1,1,4,-1,0,-8>
2 ; <1,0,6,0,1,-6>
2 ; <-1,-1,14,1,0,-10>
2 ; <0,-1,12,1,1,-6>
2 ; <1,1,8,-1,0,2>
2 ; <0,1,6,-1,-1,6>
2 ; <0,1,2,-1,-1,8>
2 ; <1,0,-4,0,1,8>
20
0 ; <1,0,0,0,1,0>
1 ; <1,0,-2,0,1,4>
1 ; <0,-1,-2,1,1,-2>
1 ; <0,1,2,-1,-1,-4>
1 ; <0,-1,4,-1,0,-2>
1 ; <0,-1,8,1,1,-4>
1 ; <-1,-1,6,1,0,0>
2 ; <1,1,-6,-1,0,6>
2 ; <0,-1,-6,1,1,0>
2 ; <1,0,-4,0,1,-4>
2 ; <-1,-1,2,1,0,-10>
2 ; <1,1,4,-1,0,-8>
2 ; <1,0,6,0,1,-6>
2 ; <-1,-1,14,1,0,-10>
2 ; <0,-1,12,1,1,-6>
2 ; <1,1,8,-1,0,2>
2 ; <0,-1,4,1,1,4>
2 ; <0,-1,0,1,1,6>
2 ; <0,-1,-4,1,1,8>
2 ; <1,0,-8,-1,-1,10>
21
0 ; <1,0,0,0,1,0>
1 ; <1,0,-2,0,1,4>
1 ; <0,-1,-2,1,1,-2>
1 ; <0,1,2,-1,-1,-4>
1 ; <0,-1,4,-1,0,-2>
1 ; <0,-1,8,1,1,-4>
1 ; <-1,-1,6,1,0,0>
2 ; <1,1,-6,-1,0,6>
2 ; <1,1,-8,-1,0,4>
2 ; <-1,-1,-6,0,1,0>
2 ; <1,0,-4,0,1,-4>
2 ; <-1,-1,2,1,0,-10>
2 ; <1,1,4,-1,0,-8>
2 ; <1,0,6,0,1,-6>
2 ; <0,1,12,-1,-1,-6>
2 ; <-1,0,14,0,-1,-4>
2 ; <-1,0,12,0,-1,0>
2 ; <-1,-1,8,1,0,2>
2 ; <0,1,2,-1,-1,8>
2 ; <0,1,-2,-1,-1,10>
2 ; <-1,0,-4,1,1,8>
20
0 ; <1,0,0,0,1,0>
1 ; <1,0,-2,0,1,4>
1 ; <0,-1,-2,1,1,-2>
1 ; <0,1,2,-1,-1,-4>
1 ; <0,-1,4,-1,0,-2>
1 ; <0,-1,8,1,1,-4>
1 ; <-1,-1,6,1,0,0>
2 ; <1,1,-6,-1,0,6>
2 ; <1,1,-8,-1,0,4>
2 ; <-1,-1,-6,0,1,0>
2 ; <1,0,-4,0,1,-4>
2 ; <-1,-1,2,1,0,-10>
2 ; <1,1,4,-1,0,-8>
2 ; <1,0,6,0,1,-6>
2 ; <0,1,12,-1,-1,-6>
2 ; <-1,0,14,0,-1,-4>
2 ; <-1,0,12,0,-1,0>
2 ; <-1,-1,8,1,0,2>
2 ; <0,1,2,-1,-1,8>
2 ; <1,0,-4,0,1,8>
21
0 ; <1,0,0,0,1,0>
1 ; <1,0,-2,0,1,4>
1 ; <0,-1,-2,1,1,-2>
1 ; <0,1,2,-1,-1,-4>
1 ; <0,-1,4,-1,0,-2>
1 ; <0,-1,8,1,1,-4>
1 ; <-1,-1,6,1,0,0>
2 ; <1,1,-6,-1,0,6>
2 ; <1,1,-8,-1,0,4>
2 ; <-1,-1,-6,0,1,0>
2 ; <1,0,-4,0,1,-4>
2 ; <-1,-1,2,1,0,-10>
2 ; <1,1,4,-1,0,-8>
2 ; <1,0,6,0,1,-6>
2 ; <0,1,12,-1,-1,-6>
2 ; <-1,0,14,0,-1,-4>
2 ; <1,1,8,-1,0,2>
2 ; <0,1,6,-1,-1,6>
2 ; <0,1,2,-1,-1,8>
2 ; <0,1,-2,-1,-1,10>
2 ; <-1,0,-4,1,1,8>
20
0 ; <1,0,0,0,1,0>
1 ; <1,0,-2,0,1,4>
1 ; <0,-1,-2,1,1,-2>
1 ; <0,1,2,-1,-1,-4>
1 ; <0,-1,4,-1,0,-2>
1 ; <0,-1,8,1,1,-4>
1 ; <-1,-1,6,1,0,0>
2 ; <1,1,-6,-1,0,6>
2 ; <1,1,-8,-1,0,4>
2 ; <-1,-1,-6,0,1,0>
2 ; <1,0,-4,0,1,-4>
2 ; <-1,-1,2,1,0,-10>
2 ; <1,1,4,-1,0,-8>
2 ; <1,0,6,0,1,-6>
2 ; <0,1,12,-1,-1,-6>
2 ; <-1,0,14,0,-1,-4>
2 ; <1,1,8,-1,0,2>
2 ; <0,1,6,-1,-1,6>
2 ; <0,1,2,-1,-1,8>
2 ; <1,0,-4,0,1,8>
21
0 ; <1,0,0,0,1,0>
1 ; <1,0,-2,0,1,4>
1 ; <0,-1,-2,1,1,-2>
1 ; <0,1,2,-1,-1,-4>
1 ; <0,-1,4,-1,0,-2>
1 ; <0,-1,8,1,1,-4>
1 ; <-1,-1,6,1,0,0>
2 ; <1,1,-6,-1,0,6>
2 ; <1,1,-8,-1,0,4>
2 ; <-1,-1,-6,0,1,0>
2 ; <1,0,-4,0,1,-4>
2 ; <-1,-1,2,1,0,-10>
2 ; <1,1,4,-1,0,-8>
2 ; <1,0,6,0,1,-6>
2 ; <0,1,12,-1,-1,-6>
2 ; <-1,0,14,0,-1,-4>
2 ; <1,1,8,-1,0,2>
2 ; <0,-1,4,1,1,4>
2 ; <0,-1,0,1,1,6>
2 ; <0,-1,-4,1,1,8>
2 ; <1,0,-8,-1,-1,10>
21
0 ; <1,0,0,0,1,0>
1 ; <1,0,-2,0,1,4>
1 ; <0,-1,-2,1,1,-2>
1 ; <0,1,2,-1,-1,-4>
1 ; <0,-1,4,-1,0,-2>
1 ; <0,-1,8,1,1,-4>
1 ; <-1,-1,6,1,0,0>
2 ; <1,1,-6,-1,0,6>
2 ; <1,1,-8,-1,0,4>
2 ; <-1,-1,-6,0,1,0>
2 ; <1,0,-4,0,1,-4>
2 ; <-1,-1,2,1,0,-10>
2 ; <1,1,4,-1,0,-8>
2 ; <1,0,6,0,1,-6>
2 ; <0,1,12,-1,-1,-6>
2 ; <-1,0,14,0,-1,-4>
2 ; <1,1,8,-1,0,2>
2 ; <0,-1,4,1,1,4>
2 ; <0,-1,0,1,1,6>
2 ; <1,1,-6,-1,0,12>
2 ; <-1,-1,-4,0,1,8>
21
0 ; <1,0,0,0,1,0>
1 ; <1,0,-2,0,1,4>
1 ; <0,-1,-2,1,1,-2>
1 ; <0,1,2,-1,-1,-4>
1 ; <0,-1,4,-1,0,-2>
1 ; <0,-1,8,1,1,-4>
1 ; <-1,-1,6,1,0,0>
2 ; <1,1,-6,-1,0,6>
2 ; <1,1,-8,-1,0,4>
2 ; <-1,-1,-6,0,1,0>
2 ; <1,0,-4,0,1,-4>
2 ; <-1,-1,2,1,0,-10>
2 ; <1,1,4,-1,0,-8>
2 ; <1,0,6,0,1,-6>
2 ; <-1,-1,14,1,0,-10>
2 ; <0,-1,12,1,1,-6>
2 ; <-1,0,12,0,-1,0>
2 ; <-1,-1,8,1,0,2>
2 ; <0,1,2,-1,-1,8>
2 ; <0,1,-2,-1,-1,10>
2 ; <-1,0,-4,1,1,8>
20
0 ; <1,0,0,0,1,0>
1 ; <1,0,-2,0,1,4>
1 ; <0,-1,-2,1,1,-2>
1 ; <0,1,2,-1,-1,-4>
1 ; <0,-1,4,-1,0,-2>
1 ; <0,-1,8,1,1,-4>
1 ; <-1,-1,6,1,0,0>
2 ; <1,1,-6,-1,0,6>
2 ; <1,1,-8,-1,0,4>
2 ; <-1,-1,-6,0,1,0>
2 ; <1,0,-4,0,1,-4>
2 ; <-1,-1,2,1,0,-10>
2 ; <1,1,4,-1,0,-8>
2 ; <1,0,6,0,1,-6>
2 ; <-1,-1,14,1,0,-10>
2 ; <0,-1,12,1,1,-6>
2 ; <-1,0,12,0,-1,0>
2 ; <-1,-1,8,1,0,2>
2 ; <0,1,2,-1,-1,8>
2 ; <1,0,-4,0,1,8>
21
0 ; <1,0,0,0,1,0>
1 ; <1,0,-2,0,1,4>
1 ; <0,-1,-2,1,1,-2>
1 ; <0,1,2,-1,-1,-4>
1 ; <0,-1,4,-1,0,-2>
1 ; <0,-1,8,1,1,-4>
1 ; <-1,-1,6,1,0,0>
2 ; <1,1,-6,-1,0,6>
2 ; <1,1,-8,-1,0,4>
2 ; <-1,-1,-6,0,1,0>
2 ; <1,0,-4,0,1,-4>
2 ; <-1,-1,2,1,0,-10>
2 ; <1,1,4,-1,0,-8>
2 ; <1,0,6,0,1,-6>
2 ; <-1,-1,14,1,0,-10>
2 ; <0,-1,12,1,1,-6>
2 ; <1,1,8,-1,0,2>
2 ; <0,1,6,-1,-1,6>
2 ; <0,1,2,-1,-1,8>
2 ; <0,1,-2,-1,-1,10>
2 ; <-1,0,-4,1,1,8>
20
0 ; <1,0,0,0,1,0>
1 ; <1,0,-2,0,1,4>
1 ; <0,-1,-2,1,1,-2>
1 ; <0,1,2,-1,-1,-4>
1 ; <0,-1,4,-1,0,-2>
1 ; <0,-1,8,1,1,-4>
1 ; <-1,-1,6,1,0,0>
2 ; <1,1,-6,-1,0,6>
2 ; <1,1,-8,-1,0,4>
2 ; <-1,-1,-6,0,1,0>
2 ; <1,0,-4,0,1,-4>
2 ; <-1,-1,2,1,0,-10>
2 ; <1,1,4,-1,0,-8>
2 ; <1,0,6,0,1,-6>
2 ; <-1,-1,14,1,0,-10>
2 ; <0,-1,12,1,1,-6>
2 ; <1,1,8,-1,0,2>
2 ; <0,1,6,-1,-1,6>
2 ; <0,1,2,-1,-1,8>
2 ; <1,0,-4,0,1,8>
21
0 ; <1,0,0,0,1,0>
1 ; <1,0,-2,0,1,4>
1 ; <0,-1,-2,1,1,-2>
1 ; <0,1,2,-1,-1,-4>
1 ; <0,-1,4,-1,0,-2>
1 ; <0,-1,8,1,1,-4>
1 ; <-1,-1,6,1,0,0>
2 ; <1,1,-6,-1,0,6>
2 ; <1,1,-8,-1,0,4>
2 ; <-1,-1,-6,0,1,0>
2 ; <1,0,-4,0,1,-4>
2 ; <-1,-1,2,1,0,-10>
2 ; <1,1,4,-1,0,-8>
2 ; <1,0,6,0,1,-6>
2 ; <-1,-1,14,1,0,-10>
2 ; <0,-1,12,1,1,-6>
2 ; <1,1,8,-1,0,2>
2 ; <0,-1,4,1,1,4>
2 ; <0,-1,0,1,1,6>
2 ; <0,-1,-4,1,1,8>
2 ; <1,0,-8,-1,-1,10>
21
0 ; <1,0,0,0,1,0>
1 ; <1,0,-2,0,1,4>
1 ; <0,-1,-2,1,1,-2>
1 ; <0,1,2,-1,-1,-4>
1 ; <0,-1,4,-1,0,-2>
1 ; <0,-1,8,1,1,-4>
1 ; <-1,-1,6,1,0,0>
2 ; <1,1,-6,-1,0,6>
2 ; <1,1,-8,-1,0,4>
2 ; <-1,-1,-6,0,1,0>
2 ; <1,0,-4,0,1,-4>
2 ; <-1,-1,2,1,0,-10>
2 ; <1,1,4,-1,0,-8>
2 ; <1,0,6,0,1,-6>
2 ; <-1,-1,14,1,0,-10>
2 ; <0,-1,12,1,1,-6>
2 ; <1,1,8,-1,0,2>
2 ; <0,-1,4,1,1,4>
2 ; <0,-1,0,1,1,6>
2 ; <1,1,-6,-1,0,12>
2 ; <-1,-1,-4,0,1,8>
21
0 ; <1,0,0,0,1,0>
1 ; <1,0,-2,0,1,4>
1 ; <0,-1,-2,1,1,-2>
1 ; <0,1,2,-1,-1,-4>
1 ; <0,-1,4,-1,0,-2>
1 ; <0,-1,8,1,1,-4>
1 ; <-1,-1,6,1,0,0>
2 ; <-1,-1,-4,1,0,2>
2 ; <-1,-1,-6,1,0,0>
2 ; <1,1,-8,0,-1,-2>
2 ; <1,0,-4,0,1,-4>
2 ; <1,0,-2,0,1,-8>
2 ; <1,1,4,-1,0,-8>
2 ; <1,0,6,0,1,-6>
2 ; <0,1,12,-1,-1,-6>
2 ; <-1,0,14,0,-1,-4>
2 ; <1,1,8,-1,0,2>
2 ; <0,-1,4,1,1,4>
2 ; <0,-1,0,1,1,6>
2 ; <-1,-1,-4,1,0,8>
2 ; <1,1,-6,0,-1,6>
21
0 ; <1,0,0,0,1,0>
1 ; <1,0,-2,0,1,4>
1 ; <0,-1,-2,1,1,-2>
1 ; <0,1,2,-1,-1,-4>
1 ; <0,-1,4,-1,0,-2>
1 ; <0,-1,8,1,1,-4>
1 ; <-1,-1,6,1,0,0>
2 ; <-1,-1,-4,1,0,2>
2 ; <-1,-1,-6,1,0,0>
2 ; <1,1,-8,0,-1,-2>
2 ; <1,0,-4,0,1,-4>
2 ; <1,0,-2,0,1,-8>
2 ; <1,1,4,-1,0,-8>
2 ; <1,0,6,0,1,-6>
2 ; <-1,-1,14,1,0,-10>
2 ; <0,-1,12,1,1,-6>
2 ; <1,1,8,-1,0,2>
2 ; <0,-1,4,1,1,4>
2 ; <0,-1,0,1,1,6>
2 ; <-1,-1,-4,1,0,8>
2 ; <1,1,-6,0,-1,6>
21
0 ; <1,0,0,0,1,0>
1 ; <1,0,-2,0,1,4>
1 ; <0,-1,-2,1,1,-2>
1 ; <0,1,2,-1,-1,-4>
1 ; <0,-1,4,-1,0,-2>
1 ; <0,-1,8,1,1,-4>
1 ; <-1,-1,6,1,0,0>
2 ; <-1,-1,-4,1,0,2>
2 ; <-1,-1,-6,1,0,0>
2 ; <1,1,-8,0,-1,-2>
2 ; <1,0,-4,0,1,-4>
2 ; <-1,-1,2,1,0,-10>
2 ; <1,1,4,-1,0,-8>
2 ; <1,0,6,0,1,-6>
2 ; <0,1,12,-1,-1,-6>
2 ; <-1,0,14,0,-1,-4>
2 ; <1,1,8,-1,0,2>
2 ; <0,-1,4,1,1,4>
2 ; <0,-1,0,1,1,6>
2 ; <-1,-1,-4,1,0,8>
2 ; <1,1,-6,0,-1,6>
21
0 ; <1,0,0,0,1,0>
1 ; <1,0,-2,0,1,4>
1 ; <0,-1,-2,1,1,-2>
1 ; <0,1,2,-1,-1,-4>
1 ; <0,-1,4,-1,0,-2>
1 ; <0,-1,8,1,1,-4>
1 ; <-1,-1,6,1,0,0>
2 ; <-1,-1,-4,1,0,2>
2 ; <-1,-1,-6,1,0,0>
2 ; <1,1,-8,0,-1,-2>
2 ; <1,0,-4,0,1,-4>
2 ; <-1,-1,2,1,0,-10>
2 ; <1,1,4,-1,0,-8>
2 ; <1,0,6,0,1,-6>
2 ; <-1,-1,14,1,0,-10>
2 ; <0,-1,12,1,1,-6>
2 ; <1,1,8,-1,0,2>
2 ; <0,-1,4,1,1,4>
2 ; <0,-1,0,1,1,6>
2 ; <-1,-1,-4,1,0,8>
2 ; <1,1,-6,0,-1,6>
21
0 ; <1,0,0,0,1,0>
1 ; <1,0,-2,0,1,4>
1 ; <0,-1,-2,1,1,-2>
1 ; <0,1,2,-1,-1,-4>
1 ; <0,-1,4,-1,0,-2>
1 ; <0,-1,8,1,1,-4>
1 ; <-1,-1,6,1,0,0>
2 ; <-1,-1,-4,1,0,2>
2 ; <1,0,-10,0,1,2>
2 ; <0,-1,-6,-1,0,0>
2 ; <1,0,-4,0,1,-4>
2 ; <1,0,-2,0,1,-8>
2 ; <1,1,4,-1,0,-8>
2 ; <1,0,6,0,1,-6>
2 ; <0,1,12,-1,-1,-6>
2 ; <-1,0,14,0,-1,-4>
2 ; <1,1,8,-1,0,2>
2 ; <0,-1,4,1,1,4>
2 ; <0,-1,0,1,1,6>
2 ; <-1,-1,-4,1,0,8>
2 ; <1,1,-6,0,-1,6>
21
0 ; <1,0,0,0,1,0>
1 ; <1,0,-2,0,1,4>
1 ; <0,-1,-2,1,1,-2>
1 ; <0,1,2,-1,-1,-4>
1 ; <0,-1,4,-1,0,-2>
1 ; <0,-1,8,1,1,-4>
1 ; <-1,-1,6,1,0,0>
2 ; <-1,-1,-4,1,0,2>
2 ; <1,0,-10,0,1,2>
2 ; <0,-1,-6,-1,0,0>
2 ; <1,0,-4,0,1,-4>
2 ; <1,0,-2,0,1,-8>
2 ; <1,1,4,-1,0,-8>
2 ; <1,0,6,0,1,-6>
2 ; <-1,-1,14,1,0,-10>
2 ; <0,-1,12,1,1,-6>
2 ; <1,1,8,-1,0,2>
2 ; <0,-1,4,1,1,4>
2 ; <0,-1,0,1,1,6>
2 ; <-1,-1,-4,1,0,8>
2 ; <1,1,-6,0,-1,6>
19
0 ; <1,0,0,0,1,0>
1 ; <1,0,-2,0,1,4>
1 ; <1,1,-4,-1,0,2>
1 ; <0,-1,0,1,1,-6>
1 ; <1,0,2,0,1,-4>
1 ; <-1,-1,8,1,0,-4>
1 ; <0,1,4,-1,-1,4>
2 ; <0,1,8,-1,-1,2>
2 ; <-1,0,6,0,-1,6>
2 ; <0,-1,0,1,1,6>
2 ; <0,-1,-4,-1,0,8>
2 ; <0,1,-6,-1,-1,6>
2 ; <-1,-1,-6,1,0,0>
2 ; <0,-1,-4,1,1,-4>
2 ; <1,0,-2,0,1,-8>
2 ; <0,1,4,-1,-1,-8>
2 ; <0,-1,6,-1,0,-6>
2 ; <0,-1,10,1,1,-8>
2 ; <1,1,10,-1,0,-2>
20
0 ; <1,0,0,0,1,0>
1 ; <1,0,-2,0,1,4>
1 ; <1,1,-4,-1,0,2>
1 ; <0,-1,0,1,1,-6>
1 ; <1,0,2,0,1,-4>
1 ; <-1,-1,8,1,0,-4>
1 ; <0,1,4,-1,-1,4>
2 ; <0,1,8,-1,-1,2>
2 ; <-1,0,6,0,-1,6>
2 ; <0,-1,0,1,1,6>
2 ; <0,-1,-4,-1,0,8>
2 ; <0,1,-6,-1,-1,6>
2 ; <1,0,-10,0,1,2>
2 ; <1,1,-6,-1,0,0>
2 ; <-1,-1,-4,0,1,-4>
2 ; <1,0,-2,0,1,-8>
2 ; <0,1,4,-1,-1,-8>
2 ; <0,-1,6,-1,0,-6>
2 ; <0,-1,10,1,1,-8>
2 ; <1,1,10,-1,0,-2>
20
0 ; <1,0,0,0,1,0>
1 ; <1,0,-2,0,1,4>
1 ; <1,1,-4,-1,0,2>
1 ; <0,-1,0,1,1,-6>
1 ; <1,0,2,0,1,-4>
1 ; <-1,-1,8,1,0,-4>
1 ; <0,1,4,-1,-1,4>
2 ; <-1,-1,10,1,0,-2>
2 ; <1,1,8,0,-1,2>
2 ; <-1,0,6,0,-1,6>
2 ; <0,-1,0,1,1,6>
2 ; <0,-1,-4,-1,0,8>
2 ; <0,1,-6,-1,-1,6>
2 ; <-1,-1,-6,1,0,0>
2 ; <0,-1,-4,1,1,-4>
2 ; <1,0,-2,0,1,-8>
2 ; <0,1,4,-1,-1,-8>
2 ; <0,-1,6,-1,0,-6>
2 ; <0,-1,10,1,1,-8>
2 ; <-1,0,14,0,-1,-4>
21
0 ; <1,0,0,0,1,0>
1 ; <1,0,-2,0,1,4>
1 ; <1,1,-4,-1,0,2>
1 ; <0,-1,0,1,1,-6>
1 ; <1,0,2,0,1,-4>
1 ; <-1,-1,8,1,0,-4>
1 ; <0,1,4,-1,-1,4>
2 ; <-1,-1,10,1,0,-2>
2 ; <1,1,8,0,-1,2>
2 ; <-1,0,6,0,-1,6>
2 ; <0,-1,0,1,1,6>
2 ; <0,-1,-4,-1,0,8>
2 ; <0,1,-6,-1,-1,6>
2 ; <1,0,-10,0,1,2>
2 ; <1,1,-6,-1,0,0>
2 ; <-1,-1,-4,0,1,-4>
2 ; <1,0,-2,0,1,-8>
2 ; <0,1,4,-1,-1,-8>
2 ; <0,-1,6,-1,0,-6>
2 ; <0,-1,10,1,1,-8>
2 ; <-1,0,14,0,-1,-4>
21
0 ; <1,0,0,0,1,0>
1 ; <1,0,-2,0,1,4>
1 ; <1,1,-4,-1,0,2>
1 ; <-1,0,2,0,-1,-4>
1 ; <1,1,4,-1,0,-2>
1 ; <1,1,6,-1,0,0>
1 ; <0,1,4,-1,-1,4>
2 ; <-1,-1,6,0,1,-6>
2 ; <1,0,8,0,1,-10>
2 ; <0,-1,10,1,1,-8>
2 ; <1,0,10,0,1,-2>
2 ; <1,0,8,0,1,2>
2 ; <0,-1,6,-1,0,6>
2 ; <1,0,2,0,1,8>
2 ; <0,-1,0,1,1,6>
2 ; <0,-1,-4,-1,0,8>
2 ; <0,1,-6,-1,-1,6>
2 ; <-1,-1,-6,1,0,0>
2 ; <0,-1,-4,1,1,-4>
2 ; <0,1,0,-1,-1,-6>
2 ; <1,1,4,-1,0,-8>
21
0 ; <1,0,0,0,1,0>
1 ; <1,0,-2,0,1,4>
1 ; <1,1,-4,-1,0,2>
1 ; <-1,0,2,0,-1,-4>
1 ; <1,1,4,-1,0,-2>
1 ; <1,1,6,-1,0,0>
1 ; <0,1,4,-1,-1,4>
2 ; <-1,-1,6,0,1,-6>
2 ; <1,0,8,0,1,-10>
2 ; <0,-1,10,1,1,-8>
2 ; <-1,0,14,0,-1,-4>
2 ; <-1,0,12,0,-1,0>
2 ; <0,1,8,1,0,2>
2 ; <-1,0,6,0,-1,6>
2 ; <0,-1,0,1,1,6>
2 ; <0,-1,-4,-1,0,8>
2 ; <0,1,-6,-1,-1,6>
2 ; <-1,-1,-6,1,0,0>
2 ; <0,-1,-4,1,1,-4>
2 ; <0,1,0,-1,-1,-6>
2 ; <1,1,4,-1,0,-8>
21
0 ; <1,0,0,0,1,0>
1 ; <1,0,-2,0,1,4>
1 ; <1,1,-4,-1,0,2>
1 ; <-1,0,2,0,-1,-4>
1 ; <1,1,4,-1,0,-2>
1 ; <1,1,6,-1,0,0>
1 ; <0,1,4,-1,-1,4>
2 ; <-1,-1,6,0,1,-6>
2 ; <1,0,8,0,1,-10>
2 ; <0,-1,10,1,1,-8>
2 ; <-1,0,14,0,-1,-4>
2 ; <1,1,8,-1,0,2>
2 ; <-1,-1,10,0,1,4>
2 ; <-1,0,6,0,-1,6>
2 ; <0,-1,0,1,1,6>
2 ; <0,-1,-4,-1,0,8>
2 ; <0,1,-6,-1,-1,6>
2 ; <-1,-1,-6,1,0,0>
2 ; <0,-1,-4,1,1,-4>
2 ; <0,1,0,-1,-1,-6>
2 ; <1,1,4,-1,0,-8>
20
0 ; <1,0,0,0,1,0>
1 ; <1,0,-2,0,1,4>
1 ; <1,1,-4,-1,0,2>
1 ; <-1,0,2,0,-1,-4>
1 ; <-1,-1,6,1,0,-6>
1 ; <-1,-1,8,1,0,-4>
1 ; <0,1,4,-1,-1,4>
2 ; <0,1,8,-1,-1,2>
2 ; <-1,0,6,0,-1,6>
2 ; <0,-1,0,1,1,6>
2 ; <0,-1,-4,-1,0,8>
2 ; <0,1,-6,-1,-1,6>
2 ; <-1,-1,-6,1,0,0>
2 ; <0,-1,-4,1,1,-4>
2 ; <0,1,0,-1,-1,-6>
2 ; <-1,-1,6,1,0,-12>
2 ; <1,1,4,0,-1,-8>
2 ; <1,0,8,0,1,-10>
2 ; <0,-1,10,1,1,-8>
2 ; <1,1,10,-1,0,-2>
21
0 ; <1,0,0,0,1,0>
1 ; <1,0,-2,0,1,4>
1 ; <1,1,-4,-1,0,2>
1 ; <-1,0,2,0,-1,-4>
1 ; <-1,-1,6,1,0,-6>
1 ; <-1,-1,8,1,0,-4>
1 ; <0,1,4,-1,-1,4>
2 ; <-1,-1,10,1,0,-2>
2 ; <1,1,8,0,-1,2>
2 ; <-1,0,6,0,-1,6>
2 ; <0,-1,0,1,1,6>
2 ; <0,-1,-4,-1,0,8>
2 ; <0,1,-6,-1,-1,6>
2 ; <-1,-1,-6,1,0,0>
2 ; <0,-1,-4,1,1,-4>
2 ; <0,1,0,-1,-1,-6>
2 ; <-1,-1,6,1,0,-12>
2 ; <1,1,4,0,-1,-8>
2 ; <1,0,8,0,1,-10>
2 ; <0,-1,10,1,1,-8>
2 ; <-1,0,14,0,-1,-4>
19
0 ; <1,0,0,0,1,0>
1 ; <1,0,-2,0,1,4>
1 ; <1,1,-4,-1,0,2>
1 ; <0,1,2,-1,-1,-4>
1 ; <0,-1,4,-1,0,-2>
1 ; <0,-1,8,1,1,-4>
1 ; <-1,-1,6,1,0,0>
2 ; <0,1,-2,-1,-1,-2>
2 ; <1,0,-2,0,1,-8>
2 ; <1,1,4,-1,0,-8>
2 ; <1,0,6,0,1,-6>
2 ; <0,1,12,-1,-1,-6>
2 ; <-1,0,14,0,-1,-4>
2 ; <1,1,8,-1,0,2>
2 ; <0,-1,4,1,1,4>
2 ; <0,-1,0,1,1,6>
2 ; <0,-1,-4,-1,0,8>
2 ; <0,1,-6,-1,-1,6>
2 ; <-1,-1,-6,1,0,0>
19
0 ; <1,0,0,0,1,0>
1 ; <1,0,-2,0,1,4>
1 ; <1,1,-4,-1,0,2>
1 ; <0,1,2,-1,-1,-4>
1 ; <0,-1,4,-1,0,-2>
1 ; <0,-1,8,1,1,-4>
1 ; <-1,-1,6,1,0,0>
2 ; <0,1,-2,-1,-1,-2>
2 ; <1,0,-2,0,1,-8>
2 ; <1,1,4,-1,0,-8>
2 ; <1,0,6,0,1,-6>
2 ; <-1,-1,14,1,0,-10>
2 ; <0,-1,12,1,1,-6>
2 ; <1,1,8,-1,0,2>
2 ; <0,-1,4,1,1,4>
2 ; <0,-1,0,1,1,6>
2 ; <0,-1,-4,-1,0,8>
2 ; <0,1,-6,-1,-1,6>
2 ; <-1,-1,-6,1,0,0>
19
0 ; <1,0,0,0,1,0>
1 ; <1,0,-2,0,1,4>
1 ; <1,1,-4,-1,0,2>
1 ; <0,1,2,-1,-1,-4>
1 ; <0,-1,4,-1,0,-2>
1 ; <0,-1,8,1,1,-4>
1 ; <-1,-1,6,1,0,0>
2 ; <0,1,-2,-1,-1,-2>
2 ; <-1,-1,2,1,0,-10>
2 ; <1,1,4,-1,0,-8>
2 ; <1,0,6,0,1,-6>
2 ; <0,1,12,-1,-1,-6>
2 ; <-1,0,14,0,-1,-4>
2 ; <1,1,8,-1,0,2>
2 ; <0,-1,4,1,1,4>
2 ; <0,-1,0,1,1,6>
2 ; <0,-1,-4,-1,0,8>
2 ; <0,1,-6,-1,-1,6>
2 ; <-1,-1,-6,1,0,0>
19
0 ; <1,0,0,0,1,0>
1 ; <1,0,-2,0,1,4>
1 ; <1,1,-4,-1,0,2>
1 ; <0,1,2,-1,-1,-4>
1 ; <0,-1,4,-1,0,-2>
1 ; <0,-1,8,1,1,-4>
1 ; <-1,-1,6,1,0,0>
2 ; <0,1,-2,-1,-1,-2>
2 ; <-1,-1,2,1,0,-10>
2 ; <1,1,4,-1,0,-8>
2 ; <1,0,6,0,1,-6>
2 ; <-1,-1,14,1,0,-10>
2 ; <0,-1,12,1,1,-6>
2 ; <1,1,8,-1,0,2>
2 ; <0,-1,4,1,1,4>
2 ; <0,-1,0,1,1,6>
2 ; <0,-1,-4,-1,0,8>
2 ; <0,1,-6,-1,-1,6>
2 ; <-1,-1,-6,1,0,0>
21
0 ; <1,0,0,0,1,0>
1 ; <1,1,-4,0,-1,2>
1 ; <-1,-1,-2,1,0,-2>
1 ; <0,-1,0,1,1,-6>
1 ; <1,0,2,0,1,-4>
1 ; <-1,-1,8,1,0,-4>
1 ; <0,-1,2,1,1,2>
1 ; <-1,-1,-2,1,0,4>
2 ; <0,-1,6,1,1,0>
2 ; <-1,0,6,0,-1,6>
2 ; <-1,-1,0,1,0,6>
2 ; <1,0,-8,0,1,10>
2 ; <-1,0,-6,0,-1,6>
2 ; <0,1,-8,-1,-1,4>
2 ; <-1,-1,-4,1,0,-4>
2 ; <1,1,-6,0,-1,-6>
2 ; <1,0,-2,0,1,-8>
2 ; <0,1,4,-1,-1,-8>
2 ; <0,-1,6,-1,0,-6>
2 ; <0,-1,10,1,1,-8>
2 ; <1,1,10,-1,0,-2>
21
0 ; <1,0,0,0,1,0>
1 ; <1,1,-4,0,-1,2>
1 ; <-1,-1,-2,1,0,-2>
1 ; <0,-1,0,1,1,-6>
1 ; <1,0,2,0,1,-4>
1 ; <-1,-1,8,1,0,-4>
1 ; <0,-1,2,1,1,2>
1 ; <-1,-1,-2,1,0,4>
2 ; <0,-1,6,1,1,0>
2 ; <-1,0,6,0,-1,6>
2 ; <-1,-1,0,1,0,6>
2 ; <1,0,-8,0,1,10>
2 ; <-1,0,-6,0,-1,6>
2 ; <0,1,-8,-1,-1,4>
2 ; <1,0,-8,0,1,-2>
2 ; <0,-1,-4,-1,0,-4>
2 ; <1,0,-2,0,1,-8>
2 ; <0,1,4,-1,-1,-8>
2 ; <0,-1,6,-1,0,-6>
2 ; <0,-1,10,1,1,-8>
2 ; <1,1,10,-1,0,-2>
21
0 ; <1,0,0,0,1,0>
1 ; <1,1,-4,0,-1,2>
1 ; <-1,-1,-2,1,0,-2>
1 ; <0,-1,0,1,1,-6>
1 ; <1,0,2,0,1,-4>
1 ; <-1,-1,8,1,0,-4>
1 ; <0,-1,2,1,1,2>
1 ; <-1,-1,-2,1,0,4>
2 ; <0,-1,6,1,1,0>
2 ; <1,1,2,-1,0,8>
2 ; <-1,-1,0,1,0,6>
2 ; <1,0,-8,0,1,10>
2 ; <-1,0,-6,0,-1,6>
2 ; <0,1,-8,-1,-1,4>
2 ; <-1,-1,-4,1,0,-4>
2 ; <1,1,-6,0,-1,-6>
2 ; <1,0,-2,0,1,-8>
2 ; <0,1,4,-1,-1,-8>
2 ; <0,-1,6,-1,0,-6>
2 ; <0,-1,10,1,1,-8>
2 ; <1,1,10,-1,0,-2>
21
0 ; <1,0,0,0,1,0>
1 ; <1,1,-4,0,-1,2>
1 ; <-1,-1,-2,1,0,-2>
1 ; <0,-1,0,1,1,-6>
1 ; <1,0,2,0,1,-4>
1 ; <-1,-1,8,1,0,-4>
1 ; <0,-1,2,1,1,2>
1 ; <-1,-1,-2,1,0,4>
2 ; <0,-1,6,1,1,0>
2 ; <1,1,2,-1,0,8>
2 ; <-1,-1,0,1,0,6>
2 ; <1,0,-8,0,1,10>
2 ; <-1,0,-6,0,-1,6>
2 ; <0,1,-8,-1,-1,4>
2 ; <1,0,-8,0,1,-2>
2 ; <0,-1,-4,-1,0,-4>
2 ; <1,0,-2,0,1,-8>
2 ; <0,1,4,-1,-1,-8>
2 ; <0,-1,6,-1,0,-6>
2 ; <0,-1,10,1,1,-8>
2 ; <1,1,10,-1,0,-2>
21
0 ; <1,0,0,0,1,0>
1 ; <1,1,-4,0,-1,2>
1 ; <-1,-1,-2,1,0,-2>
1 ; <-1,0,2,0,-1,-4>
1 ; <-1,-1,6,1,0,-6>
1 ; <-1,-1,8,1,0,-4>
1 ; <0,-1,2,1,1,2>
1 ; <-1,-1,-2,1,0,4>
2 ; <0,-1,6,1,1,0>
2 ; <-1,0,6,0,-1,6>
2 ; <-1,-1,0,1,0,6>
2 ; <1,0,-8,0,1,10>
2 ; <-1,0,-6,0,-1,6>
2 ; <0,1,-8,-1,-1,4>
2 ; <-1,-1,-4,1,0,-4>
2 ; <0,1,0,-1,-1,-6>
2 ; <-1,-1,6,1,0,-12>
2 ; <1,1,4,0,-1,-8>
2 ; <1,0,8,0,1,-10>
2 ; <0,-1,10,1,1,-8>
2 ; <1,1,10,-1,0,-2>
21
0 ; <1,0,0,0,1,0>
1 ; <1,1,-4,0,-1,2>
1 ; <-1,-1,-2,1,0,-2>
1 ; <-1,0,2,0,-1,-4>
1 ; <-1,-1,6,1,0,-6>
1 ; <-1,-1,8,1,0,-4>
1 ; <0,-1,2,1,1,2>
1 ; <-1,-1,-2,1,0,4>
2 ; <0,-1,6,1,1,0>
2 ; <1,1,2,-1,0,8>
2 ; <-1,-1,0,1,0,6>
2 ; <1,0,-8,0,1,10>
2 ; <-1,0,-6,0,-1,6>
2 ; <0,1,-8,-1,-1,4>
2 ; <-1,-1,-4,1,0,-4>
2 ; <0,1,0,-1,-1,-6>
2 ; <-1,-1,6,1,0,-12>
2 ; <1,1,4,0,-1,-8>
2 ; <1,0,8,0,1,-10>
2 ; <0,-1,10,1,1,-8>
2 ; <1,1,10,-1,0,-2>
22
0 ; <1,0,0,0,1,0>
1 ; <1,1,-4,0,-1,2>
1 ; <-1,-1,-2,1,0,-2>
1 ; <-1,0,2,0,-1,-4>
1 ; <-1,-1,6,1,0,-6>
1 ; <0,1,6,-1,-1,0>
1 ; <0,-1,2,1,1,2>
1 ; <-1,-1,-2,1,0,4>
2 ; <-1,0,8,0,-1,2>
2 ; <-1,0,6,0,-1,6>
2 ; <-1,-1,0,1,0,6>
2 ; <1,0,-8,0,1,10>
2 ; <-1,0,-6,0,-1,6>
2 ; <0,1,-8,-1,-1,4>
2 ; <-1,-1,-4,1,0,-4>
2 ; <0,-1,-2,1,1,-8>
2 ; <0,-1,2,1,1,-10>
2 ; <1,0,4,-1,-1,-8>
2 ; <0,-1,8,1,1,-10>
2 ; <1,1,8,-1,0,-4>
2 ; <1,1,10,-1,0,-2>
2 ; <-1,-1,12,0,1,0>
22
0 ; <1,0,0,0,1,0>
1 ; <1,1,-4,0,-1,2>
1 ; <-1,-1,-2,1,0,-2>
1 ; <-1,0,2,0,-1,-4>
1 ; <-1,-1,6,1,0,-6>
1 ; <0,1,6,-1,-1,0>
1 ; <0,-1,2,1,1,2>
1 ; <-1,-1,-2,1,0,4>
2 ; <-1,0,8,0,-1,2>
2 ; <-1,0,6,0,-1,6>
2 ; <-1,-1,0,1,0,6>
2 ; <1,0,-8,0,1,10>
2 ; <-1,0,-6,0,-1,6>
2 ; <0,1,-8,-1,-1,4>
2 ; <-1,-1,-4,1,0,-4>
2 ; <0,-1,-2,1,1,-8>
2 ; <0,-1,2,1,1,-10>
2 ; <1,0,4,-1,-1,-8>
2 ; <0,-1,8,1,1,-10>
2 ; <1,1,8,-1,0,-4>
2 ; <-1,0,14,0,-1,-4>
2 ; <0,1,10,1,0,-2>
22
0 ; <1,0,0,0,1,0>
1 ; <1,1,-4,0,-1,2>
1 ; <-1,-1,-2,1,0,-2>
1 ; <-1,0,2,0,-1,-4>
1 ; <-1,-1,6,1,0,-6>
1 ; <0,1,6,-1,-1,0>
1 ; <0,-1,2,1,1,2>
1 ; <-1,-1,-2,1,0,4>
2 ; <-1,0,8,0,-1,2>
2 ; <-1,0,6,0,-1,6>
2 ; <-1,-1,0,1,0,6>
2 ; <1,0,-8,0,1,10>
2 ; <-1,0,-6,0,-1,6>
2 ; <0,1,-8,-1,-1,4>
2 ; <-1,-1,-4,1,0,-4>
2 ; <0,-1,-2,1,1,-8>
2 ; <-1,0,4,0,-1,-8>
2 ; <0,1,6,1,0,-12>
2 ; <0,-1,8,1,1,-10>
2 ; <1,1,8,-1,0,-4>
2 ; <1,1,10,-1,0,-2>
2 ; <-1,-1,12,0,1,0>
22
0 ; <1,0,0,0,1,0>
1 ; <1,1,-4,0,-1,2>
1 ; <-1,-1,-2,1,0,-2>
1 ; <-1,0,2,0,-1,-4>
1 ; <-1,-1,6,1,0,-6>
1 ; <0,1,6,-1,-1,0>
1 ; <0,-1,2,1,1,2>
1 ; <-1,-1,-2,1,0,4>
2 ; <-1,0,8,0,-1,2>
2 ; <-1,0,6,0,-1,6>
2 ; <-1,-1,0,1,0,6>
2 ; <1,0,-8,0,1,10>
2 ; <-1,0,-6,0,-1,6>
2 ; <0,1,-8,-1,-1,4>
2 ; <-1,-1,-4,1,0,-4>
2 ; <0,-1,-2,1,1,-8>
2 ; <-1,0,4,0,-1,-8>
2 ; <0,1,6,1,0,-12>
2 ; <0,-1,8,1,1,-10>
2 ; <1,1,8,-1,0,-4>
2 ; <-1,0,14,0,-1,-4>
2 ; <0,1,10,1,0,-2>
22
0 ; <1,0,0,0,1,0>
1 ; <1,1,-4,0,-1,2>
1 ; <-1,-1,-2,1,0,-2>
1 ; <-1,0,2,0,-1,-4>
1 ; <-1,-1,6,1,0,-6>
1 ; <0,1,6,-1,-1,0>
1 ; <0,-1,2,1,1,2>
1 ; <-1,-1,-2,1,0,4>
2 ; <-1,0,8,0,-1,2>
2 ; <-1,0,6,0,-1,6>
2 ; <-1,-1,0,1,0,6>
2 ; <1,0,-8,0,1,10>
2 ; <-1,0,-6,0,-1,6>
2 ; <0,1,-8,-1,-1,4>
2 ; <-1,-1,-4,1,0,-4>
2 ; <0,1,0,-1,-1,-6>
2 ; <0,1,4,-1,-1,-8>
2 ; <-1,0,8,1,1,-10>
2 ; <0,1,10,-1,-1,-8>
2 ; <1,1,8,-1,0,-4>
2 ; <1,1,10,-1,0,-2>
2 ; <-1,-1,12,0,1,0>
22
0 ; <1,0,0,0,1,0>
1 ; <1,1,-4,0,-1,2>
1 ; <-1,-1,-2,1,0,-2>
1 ; <-1,0,2,0,-1,-4>
1 ; <-1,-1,6,1,0,-6>
1 ; <0,1,6,-1,-1,0>
1 ; <0,-1,2,1,1,2>
1 ; <-1,-1,-2,1,0,4>
2 ; <-1,0,8,0,-1,2>
2 ; <-1,0,6,0,-1,6>
2 ; <-1,-1,0,1,0,6>
2 ; <1,0,-8,0,1,10>
2 ; <-1,0,-6,0,-1,6>
2 ; <0,1,-8,-1,-1,4>
2 ; <-1,-1,-4,1,0,-4>
2 ; <0,1,0,-1,-1,-6>
2 ; <0,1,4,-1,-1,-8>
2 ; <-1,0,8,1,1,-10>
2 ; <0,1,10,-1,-1,-8>
2 ; <1,1,8,-1,0,-4>
2 ; <-1,0,14,0,-1,-4>
2 ; <0,1,10,1,0,-2>
22
0 ; <1,0,0,0,1,0>
1 ; <1,1,-4,0,-1,2>
1 ; <-1,-1,-2,1,0,-2>
1 ; <-1,0,2,0,-1,-4>
1 ; <-1,-1,6,1,0,-6>
1 ; <0,1,6,-1,-1,0>
1 ; <0,-1,2,1,1,2>
1 ; <-1,-1,-2,1,0,4>
2 ; <-1,0,8,0,-1,2>
2 ; <-1,0,6,0,-1,6>
2 ; <-1,-1,0,1,0,6>
2 ; <1,0,-8,0,1,10>
2 ; <-1,0,-6,0,-1,6>
2 ; <0,1,-8,-1,-1,4>
2 ; <1,0,-8,0,1,-2>
2 ; <1,1,-4,-1,0,-4>
2 ; <0,-1,2,1,1,-10>
2 ; <1,0,4,-1,-1,-8>
2 ; <0,-1,8,1,1,-10>
2 ; <1,1,8,-1,0,-4>
2 ; <1,1,10,-1,0,-2>
2 ; <-1,-1,12,0,1,0>
22
0 ; <1,0,0,0,1,0>
1 ; <1,1,-4,0,-1,2>
1 ; <-1,-1,-2,1,0,-2>
1 ; <-1,0,2,0,-1,-4>
1 ; <-1,-1,6,1,0,-6>
1 ; <0,1,6,-1,-1,0>
1 ; <0,-1,2,1,1,2>
1 ; <-1,-1,-2,1,0,4>
2 ; <-1,0,8,0,-1,2>
2 ; <-1,0,6,0,-1,6>
2 ; <-1,-1,0,1,0,6>
2 ; <1,0,-8,0,1,10>
2 ; <-1,0,-6,0,-1,6>
2 ; <0,1,-8,-1,-1,4>
2 ; <1,0,-8,0,1,-2>
2 ; <1,1,-4,-1,0,-4>
2 ; <0,-1,2,1,1,-10>
2 ; <1,0,4,-1,-1,-8>
2 ; <0,-1,8,1,1,-10>
2 ; <1,1,8,-1,0,-4>
2 ; <-1,0,14,0,-1,-4>
2 ; <0,1,10,1,0,-2>
22
0 ; <1,0,0,0,1,0>
1 ; <1,1,-4,0,-1,2>
1 ; <-1,-1,-2,1,0,-2>
1 ; <-1,0,2,0,-1,-4>
1 ; <-1,-1,6,1,0,-6>
1 ; <0,1,6,-1,-1,0>
1 ; <0,-1,2,1,1,2>
1 ; <-1,-1,-2,1,0,4>
2 ; <-1,0,8,0,-1,2>
2 ; <-1,0,6,0,-1,6>
2 ; <-1,-1,0,1,0,6>
2 ; <1,0,-8,0,1,10>
2 ; <-1,0,-6,0,-1,6>
2 ; <0,1,-8,-1,-1,4>
2 ; <1,0,-8,0,1,-2>
2 ; <1,1,-4,-1,0,-4>
2 ; <-1,0,4,0,-1,-8>
2 ; <0,1,6,1,0,-12>
2 ; <0,-1,8,1,1,-10>
2 ; <1,1,8,-1,0,-4>
2 ; <1,1,10,-1,0,-2>
2 ; <-1,-1,12,0,1,0>
22
0 ; <1,0,0,0,1,0>
1 ; <1,1,-4,0,-1,2>
1 ; <-1,-1,-2,1,0,-2>
1 ; <-1,0,2,0,-1,-4>
1 ; <-1,-1,6,1,0,-6>
1 ; <0,1,6,-1,-1,0>
1 ; <0,-1,2,1,1,2>
1 ; <-1,-1,-2,1,0,4>
2 ; <-1,0,8,0,-1,2>
2 ; <-1,0,6,0,-1,6>
2 ; <-1,-1,0,1,0,6>
2 ; <1,0,-8,0,1,10>
2 ; <-1,0,-6,0,-1,6>
2 ; <0,1,-8,-1,-1,4>
2 ; <1,0,-8,0,1,-2>
2 ; <1,1,-4,-1,0,-4>
2 ; <-1,0,4,0,-1,-8>
2 ; <0,1,6,1,0,-12>
2 ; <0,-1,8,1,1,-10>
2 ; <1,1,8,-1,0,-4>
2 ; <-1,0,14,0,-1,-4>
2 ; <0,1,10,1,0,-2>
22
0 ; <1,0,0,0,1,0>
1 ; <1,1,-4,0,-1,2>
1 ; <-1,-1,-2,1,0,-2>
1 ; <-1,0,2,0,-1,-4>
1 ; <-1,-1,6,1,0,-6>
1 ; <0,1,6,-1,-1,0>
1 ; <0,-1,2,1,1,2>
1 ; <-1,-1,-2,1,0,4>
2 ; <-1,0,8,0,-1,2>
2 ; <1,1,2,-1,0,8>
2 ; <-1,-1,0,1,0,6>
2 ; <1,0,-8,0,1,10>
2 ; <-1,0,-6,0,-1,6>
2 ; <0,1,-8,-1,-1,4>
2 ; <-1,-1,-4,1,0,-4>
2 ; <0,-1,-2,1,1,-8>
2 ; <0,-1,2,1,1,-10>
2 ; <1,0,4,-1,-1,-8>
2 ; <0,-1,8,1,1,-10>
2 ; <1,1,8,-1,0,-4>
2 ; <1,1,10,-1,0,-2>
2 ; <-1,-1,12,0,1,0>
22
0 ; <1,0,0,0,1,0>
1 ; <1,1,-4,0,-1,2>
1 ; <-1,-1,-2,1,0,-2>
1 ; <-1,0,2,0,-1,-4>
1 ; <-1,-1,6,1,0,-6>
1 ; <0,1,6,-1,-1,0>
1 ; <0,-1,2,1,1,2>
1 ; <-1,-1,-2,1,0,4>
2 ; <-1,0,8,0,-1,2>
2 ; <1,1,2,-1,0,8>
2 ; <-1,-1,0,1,0,6>
2 ; <1,0,-8,0,1,10>
2 ; <-1,0,-6,0,-1,6>
2 ; <0,1,-8,-1,-1,4>
2 ; <-1,-1,-4,1,0,-4>
2 ; <0,-1,-2,1,1,-8>
2 ; <-1,0,4,0,-1,-8>
2 ; <0,1,6,1,0,-12>
2 ; <0,-1,8,1,1,-10>
2 ; <1,1,8,-1,0,-4>
2 ; <1,1,10,-1,0,-2>
2 ; <-1,-1,12,0,1,0>
22
0 ; <1,0,0,0,1,0>
1 ; <1,1,-4,0,-1,2>
1 ; <-1,-1,-2,1,0,-2>
1 ; <-1,0,2,0,-1,-4>
1 ; <-1,-1,6,1,0,-6>
1 ; <0,1,6,-1,-1,0>
1 ; <0,-1,2,1,1,2>
1 ; <-1,-1,-2,1,0,4>
2 ; <-1,0,8,0,-1,2>
2 ; <1,1,2,-1,0,8>
2 ; <-1,-1,0,1,0,6>
2 ; <1,0,-8,0,1,10>
2 ; <-1,0,-6,0,-1,6>
2 ; <0,1,-8,-1,-1,4>
2 ; <-1,-1,-4,1,0,-4>
2 ; <0,1,0,-1,-1,-6>
2 ; <0,1,4,-1,-1,-8>
2 ; <-1,0,8,1,1,-10>
2 ; <0,1,10,-1,-1,-8>
2 ; <1,1,8,-1,0,-4>
2 ; <1,1,10,-1,0,-2>
2 ; <-1,-1,12,0,1,0>
22
0 ; <1,0,0,0,1,0>
1 ; <1,1,-4,0,-1,2>
1 ; <-1,-1,-2,1,0,-2>
1 ; <-1,0,2,0,-1,-4>
1 ; <-1,-1,6,1,0,-6>
1 ; <0,1,6,-1,-1,0>
1 ; <0,-1,2,1,1,2>
1 ; <-1,-1,-2,1,0,4>
2 ; <-1,0,8,0,-1,2>
2 ; <1,1,2,-1,0,8>
2 ; <-1,-1,0,1,0,6>
2 ; <1,0,-8,0,1,10>
2 ; <-1,0,-6,0,-1,6>
2 ; <0,1,-8,-1,-1,4>
2 ; <1,0,-8,0,1,-2>
2 ; <1,1,-4,-1,0,-4>
2 ; <0,-1,2,1,1,-10>
2 ; <1,0,4,-1,-1,-8>
2 ; <0,-1,8,1,1,-10>
2 ; <1,1,8,-1,0,-4>
2 ; <1,1,10,-1,0,-2>
2 ; <-1,-1,12,0,1,0>
22
0 ; <1,0,0,0,1,0>
1 ; <1,1,-4,0,-1,2>
1 ; <-1,-1,-2,1,0,-2>
1 ; <-1,0,2,0,-1,-4>
1 ; <-1,-1,6,1,0,-6>
1 ; <0,1,6,-1,-1,0>
1 ; <0,-1,2,1,1,2>
1 ; <-1,-1,-2,1,0,4>
2 ; <-1,0,8,0,-1,2>
2 ; <1,1,2,-1,0,8>
2 ; <-1,-1,0,1,0,6>
2 ; <1,0,-8,0,1,10>
2 ; <-1,0,-6,0,-1,6>
2 ; <0,1,-8,-1,-1,4>
2 ; <1,0,-8,0,1,-2>
2 ; <1,1,-4,-1,0,-4>
2 ; <-1,0,4,0,-1,-8>
2 ; <0,1,6,1,0,-12>
2 ; <0,-1,8,1,1,-10>
2 ; <1,1,8,-1,0,-4>
2 ; <1,1,10,-1,0,-2>
2 ; <-1,-1,12,0,1,0>
22
0 ; <1,0,0,0,1,0>
1 ; <1,1,-4,0,-1,2>
1 ; <-1,-1,-2,1,0,-2>
1 ; <-1,0,2,0,-1,-4>
1 ; <-1,-1,6,1,0,-6>
1 ; <0,1,6,-1,-1,0>
1 ; <0,-1,2,1,1,2>
1 ; <-1,-1,-2,1,0,4>
2 ; <1,0,4,0,1,4>
2 ; <1,0,2,0,1,8>
2 ; <-1,-1,0,1,0,6>
2 ; <1,0,-8,0,1,10>
2 ; <-1,0,-6,0,-1,6>
2 ; <0,1,-8,-1,-1,4>
2 ; <-1,-1,-4,1,0,-4>
2 ; <0,-1,-2,1,1,-8>
2 ; <0,-1,2,1,1,-10>
2 ; <1,0,4,-1,-1,-8>
2 ; <0,-1,8,1,1,-10>
2 ; <1,1,8,-1,0,-4>
2 ; <1,0,10,0,1,-2>
2 ; <0,-1,8,-1,0,2>
22
0 ; <1,0,0,0,1,0>
1 ; <1,1,-4,0,-1,2>
1 ; <-1,-1,-2,1,0,-2>
1 ; <-1,0,2,0,-1,-4>
1 ; <-1,-1,6,1,0,-6>
1 ; <0,1,6,-1,-1,0>
1 ; <0,-1,2,1,1,2>
1 ; <-1,-1,-2,1,0,4>
2 ; <1,0,4,0,1,4>
2 ; <1,0,2,0,1,8>
2 ; <-1,-1,0,1,0,6>
2 ; <1,0,-8,0,1,10>
2 ; <-1,0,-6,0,-1,6>
2 ; <0,1,-8,-1,-1,4>
2 ; <-1,-1,-4,1,0,-4>
2 ; <0,-1,-2,1,1,-8>
2 ; <-1,0,4,0,-1,-8>
2 ; <0,1,6,1,0,-12>
2 ; <0,-1,8,1,1,-10>
2 ; <1,1,8,-1,0,-4>
2 ; <1,0,10,0,1,-2>
2 ; <0,-1,8,-1,0,2>
22
0 ; <1,0,0,0,1,0>
1 ; <1,1,-4,0,-1,2>
1 ; <-1,-1,-2,1,0,-2>
1 ; <-1,0,2,0,-1,-4>
1 ; <-1,-1,6,1,0,-6>
1 ; <0,1,6,-1,-1,0>
1 ; <0,-1,2,1,1,2>
1 ; <-1,-1,-2,1,0,4>
2 ; <1,0,4,0,1,4>
2 ; <1,0,2,0,1,8>
2 ; <-1,-1,0,1,0,6>
2 ; <1,0,-8,0,1,10>
2 ; <-1,0,-6,0,-1,6>
2 ; <0,1,-8,-1,-1,4>
2 ; <-1,-1,-4,1,0,-4>
2 ; <0,1,0,-1,-1,-6>
2 ; <0,1,4,-1,-1,-8>
2 ; <-1,0,8,1,1,-10>
2 ; <0,1,10,-1,-1,-8>
2 ; <1,1,8,-1,0,-4>
2 ; <1,0,10,0,1,-2>
2 ; <0,-1,8,-1,0,2>
22
0 ; <1,0,0,0,1,0>
1 ; <1,1,-4,0,-1,2>
1 ; <-1,-1,-2,1,0,-2>
1 ; <-1,0,2,0,-1,-4>
1 ; <-1,-1,6,1,0,-6>
1 ; <0,1,6,-1,-1,0>
1 ; <0,-1,2,1,1,2>
1 ; <-1,-1,-2,1,0,4>
2 ; <1,0,4,0,1,4>
2 ; <1,0,2,0,1,8>
2 ; <-1,-1,0,1,0,6>
2 ; <1,0,-8,0,1,10>
2 ; <-1,0,-6,0,-1,6>
2 ; <0,1,-8,-1,-1,4>
2 ; <1,0,-8,0,1,-2>
2 ; <1,1,-4,-1,0,-4>
2 ; <0,-1,2,1,1,-10>
2 ; <1,0,4,-1,-1,-8>
2 ; <0,-1,8,1,1,-10>
2 ; <1,1,8,-1,0,-4>
2 ; <1,0,10,0,1,-2>
2 ; <0,-1,8,-1,0,2>
22
0 ; <1,0,0,0,1,0>
1 ; <1,1,-4,0,-1,2>
1 ; <-1,-1,-2,1,0,-2>
1 ; <-1,0,2,0,-1,-4>
1 ; <-1,-1,6,1,0,-6>
1 ; <0,1,6,-1,-1,0>
1 ; <0,-1,2,1,1,2>
1 ; <-1,-1,-2,1,0,4>
2 ; <1,0,4,0,1,4>
2 ; <1,0,2,0,1,8>
2 ; <-1,-1,0,1,0,6>
2 ; <1,0,-8,0,1,10>
2 ; <-1,0,-6,0,-1,6>
2 ; <0,1,-8,-1,-1,4>
2 ; <1,0,-8,0,1,-2>
2 ; <1,1,-4,-1,0,-4>
2 ; <-1,0,4,0,-1,-8>
2 ; <0,1,6,1,0,-12>
2 ; <0,-1,8,1,1,-10>
2 ; <1,1,8,-1,0,-4>
2 ; <1,0,10,0,1,-2>
2 ; <0,-1,8,-1,0,2>
22
0 ; <1,0,0,0,1,0>
1 ; <1,1,-4,0,-1,2>
1 ; <-1,-1,-2,1,0,-2>
1 ; <-1,0,2,0,-1,-4>
1 ; <-1,-1,6,1,0,-6>
1 ; <0,1,6,-1,-1,0>
1 ; <0,-1,2,1,1,2>
1 ; <-1,-1,-2,1,0,4>
2 ; <1,0,4,0,1,4>
2 ; <1,0,2,0,1,8>
2 ; <-1,-1,0,1,0,6>
2 ; <0,1,-6,-1,-1,12>
2 ; <-1,0,-6,0,-1,6>
2 ; <0,1,-8,-1,-1,4>
2 ; <-1,-1,-4,1,0,-4>
2 ; <0,-1,-2,1,1,-8>
2 ; <0,-1,2,1,1,-10>
2 ; <1,0,4,-1,-1,-8>
2 ; <0,-1,8,1,1,-10>
2 ; <1,1,8,-1,0,-4>
2 ; <1,0,10,0,1,-2>
2 ; <0,-1,8,-1,0,2>
22
0 ; <1,0,0,0,1,0>
1 ; <1,1,-4,0,-1,2>
1 ; <-1,-1,-2,1,0,-2>
1 ; <-1,0,2,0,-1,-4>
1 ; <-1,-1,6,1,0,-6>
1 ; <0,1,6,-1,-1,0>
1 ; <0,-1,2,1,1,2>
1 ; <-1,-1,-2,1,0,4>
2 ; <1,0,4,0,1,4>
2 ; <1,0,2,0,1,8>
2 ; <-1,-1,0,1,0,6>
2 ; <0,1,-6,-1,-1,12>
2 ; <-1,0,-6,0,-1,6>
2 ; <0,1,-8,-1,-1,4>
2 ; <-1,-1,-4,1,0,-4>
2 ; <0,-1,-2,1,1,-8>
2 ; <-1,0,4,0,-1,-8>
2 ; <0,1,6,1,0,-12>
2 ; <0,-1,8,1,1,-10>
2 ; <1,1,8,-1,0,-4>
2 ; <1,0,10,0,1,-2>
2 ; <0,-1,8,-1,0,2>
22
0 ; <1,0,0,0,1,0>
1 ; <1,1,-4,0,-1,2>
1 ; <-1,-1,-2,1,0,-2>
1 ; <-1,0,2,0,-1,-4>
1 ; <-1,-1,6,1,0,-6>
1 ; <0,1,6,-1,-1,0>
1 ; <0,-1,2,1,1,2>
1 ; <-1,-1,-2,1,0,4>
2 ; <1,0,4,0,1,4>
2 ; <1,0,2,0,1,8>
2 ; <-1,-1,0,1,0,6>
2 ; <0,1,-6,-1,-1,12>
2 ; <-1,0,-6,0,-1,6>
2 ; <0,1,-8,-1,-1,4>
2 ; <-1,-1,-4,1,0,-4>
2 ; <0,1,0,-1,-1,-6>
2 ; <0,1,4,-1,-1,-8>
2 ; <-1,0,8,1,1,-10>
2 ; <0,1,10,-1,-1,-8>
2 ; <1,1,8,-1,0,-4>
2 ; <1,0,10,0,1,-2>
2 ; <0,-1,8,-1,0,2>
22
0 ; <1,0,0,0,1,0>
1 ; <1,1,-4,0,-1,2>
1 ; <-1,-1,-2,1,0,-2>
1 ; <-1,0,2,0,-1,-4>
1 ; <-1,-1,6,1,0,-6>
1 ; <0,1,6,-1,-1,0>
1 ; <0,-1,2,1,1,2>
1 ; <-1,-1,-2,1,0,4>
2 ; <1,0,4,0,1,4>
2 ; <1,0,2,0,1,8>
2 ; <-1,-1,0,1,0,6>
2 ; <0,1,-6,-1,-1,12>
2 ; <-1,0,-6,0,-1,6>
2 ; <0,1,-8,-1,-1,4>
2 ; <1,0,-8,0,1,-2>
2 ; <1,1,-4,-1,0,-4>
2 ; <0,-1,2,1,1,-10>
2 ; <1,0,4,-1,-1,-8>
2 ; <0,-1,8,1,1,-10>
2 ; <1,1,8,-1,0,-4>
2 ; <1,0,10,0,1,-2>
2 ; <0,-1,8,-1,0,2>
22
0 ; <1,0,0,0,1,0>
1 ; <1,1,-4,0,-1,2>
1 ; <-1,-1,-2,1,0,-2>
1 ; <-1,0,2,0,-1,-4>
1 ; <-1,-1,6,1,0,-6>
1 ; <0,1,6,-1,-1,0>
1 ; <0,-1,2,1,1,2>
1 ; <-1,-1,-2,1,0,4>
2 ; <1,0,4,0,1,4>
2 ; <1,0,2,0,1,8>
2 ; <-1,-1,0,1,0,6>
2 ; <0,1,-6,-1,-1,12>
2 ; <-1,0,-6,0,-1,6>
2 ; <0,1,-8,-1,-1,4>
2 ; <1,0,-8,0,1,-2>
2 ; <1,1,-4,-1,0,-4>
2 ; <-1,0,4,0,-1,-8>
2 ; <0,1,6,1,0,-12>
2 ; <0,-1,8,1,1,-10>
2 ; <1,1,8,-1,0,-4>
2 ; <1,0,10,0,1,-2>
2 ; <0,-1,8,-1,0,2>
21
0 ; <1,0,0,0,1,0>
1 ; <0,1,0,-1,-1,6>
1 ; <-1,0,-2,1,1,4>
1 ; <1,1,-4,-1,0,2>
1 ; <0,-1,0,1,1,-6>
1 ; <1,0,2,0,1,-4>
1 ; <-1,-1,8,1,0,-4>
1 ; <0,1,4,-1,-1,4>
2 ; <0,1,-6,-1,-1,6>
2 ; <-1,-1,-6,1,0,0>
2 ; <0,-1,-4,1,1,-4>
2 ; <1,0,-2,0,1,-8>
2 ; <0,1,4,-1,-1,-8>
2 ; <0,-1,6,-1,0,-6>
2 ; <0,-1,10,1,1,-8>
2 ; <1,1,10,-1,0,-2>
2 ; <0,1,8,-1,-1,2>
2 ; <-1,0,6,0,-1,6>
2 ; <1,1,-2,-1,0,10>
2 ; <-1,-1,-4,1,0,8>
2 ; <-1,0,-8,0,-1,10>
22
0 ; <1,0,0,0,1,0>
1 ; <0,1,0,-1,-1,6>
1 ; <-1,0,-2,1,1,4>
1 ; <1,1,-4,-1,0,2>
1 ; <0,-1,0,1,1,-6>
1 ; <1,0,2,0,1,-4>
1 ; <-1,-1,8,1,0,-4>
1 ; <0,1,4,-1,-1,4>
2 ; <0,1,-6,-1,-1,6>
2 ; <-1,-1,-6,1,0,0>
2 ; <0,-1,-4,1,1,-4>
2 ; <1,0,-2,0,1,-8>
2 ; <0,1,4,-1,-1,-8>
2 ; <0,-1,6,-1,0,-6>
2 ; <0,-1,10,1,1,-8>
2 ; <-1,0,14,0,-1,-4>
2 ; <-1,-1,10,1,0,-2>
2 ; <1,1,8,0,-1,2>
2 ; <-1,0,6,0,-1,6>
2 ; <1,1,-2,-1,0,10>
2 ; <-1,-1,-4,1,0,8>
2 ; <-1,0,-8,0,-1,10>
22
0 ; <1,0,0,0,1,0>
1 ; <0,1,0,-1,-1,6>
1 ; <-1,0,-2,1,1,4>
1 ; <1,1,-4,-1,0,2>
1 ; <0,-1,0,1,1,-6>
1 ; <1,0,2,0,1,-4>
1 ; <-1,-1,8,1,0,-4>
1 ; <0,1,4,-1,-1,4>
2 ; <0,1,-6,-1,-1,6>
2 ; <1,0,-10,0,1,2>
2 ; <1,1,-6,-1,0,0>
2 ; <-1,-1,-4,0,1,-4>
2 ; <1,0,-2,0,1,-8>
2 ; <0,1,4,-1,-1,-8>
2 ; <0,-1,6,-1,0,-6>
2 ; <0,-1,10,1,1,-8>
2 ; <1,1,10,-1,0,-2>
2 ; <0,1,8,-1,-1,2>
2 ; <-1,0,6,0,-1,6>
2 ; <1,1,-2,-1,0,10>
2 ; <-1,-1,-4,1,0,8>
2 ; <-1,0,-8,0,-1,10>
23
0 ; <1,0,0,0,1,0>
1 ; <0,1,0,-1,-1,6>
1 ; <-1,0,-2,1,1,4>
1 ; <1,1,-4,-1,0,2>
1 ; <0,-1,0,1,1,-6>
1 ; <1,0,2,0,1,-4>
1 ; <-1,-1,8,1,0,-4>
1 ; <0,1,4,-1,-1,4>
2 ; <0,1,-6,-1,-1,6>
2 ; <1,0,-10,0,1,2>
2 ; <1,1,-6,-1,0,0>
2 ; <-1,-1,-4,0,1,-4>
2 ; <1,0,-2,0,1,-8>
2 ; <0,1,4,-1,-1,-8>
2 ; <0,-1,6,-1,0,-6>
2 ; <0,-1,10,1,1,-8>
2 ; <-1,0,14,0,-1,-4>
2 ; <-1,-1,10,1,0,-2>
2 ; <1,1,8,0,-1,2>
2 ; <-1,0,6,0,-1,6>
2 ; <1,1,-2,-1,0,10>
2 ; <-1,-1,-4,1,0,8>
2 ; <-1,0,-8,0,-1,10>
23
0 ; <1,0,0,0,1,0>
1 ; <0,1,0,-1,-1,6>
1 ; <-1,0,-2,1,1,4>
1 ; <1,1,-4,-1,0,2>
1 ; <-1,0,2,0,-1,-4>
1 ; <1,1,4,-1,0,-2>
1 ; <-1,0,10,0,-1,-2>
1 ; <-1,-1,6,1,0,0>
2 ; <-1,-1,6,0,1,-6>
2 ; <1,0,8,0,1,-10>
2 ; <0,-1,10,1,1,-8>
2 ; <1,0,12,-1,-1,-6>
2 ; <-1,-1,14,1,0,-4>
2 ; <1,0,8,0,1,2>
2 ; <1,1,4,0,-1,4>
2 ; <-1,0,2,0,-1,8>
2 ; <-1,-1,-4,1,0,8>
2 ; <-1,0,-8,0,-1,10>
2 ; <0,1,-6,-1,-1,6>
2 ; <-1,-1,-6,1,0,0>
2 ; <0,-1,-4,1,1,-4>
2 ; <0,1,0,-1,-1,-6>
2 ; <1,1,4,-1,0,-8>
23
0 ; <1,0,0,0,1,0>
1 ; <0,1,0,-1,-1,6>
1 ; <-1,0,-2,1,1,4>
1 ; <1,1,-4,-1,0,2>
1 ; <-1,0,2,0,-1,-4>
1 ; <1,1,4,-1,0,-2>
1 ; <1,1,6,-1,0,0>
1 ; <0,1,4,-1,-1,4>
2 ; <-1,-1,6,0,1,-6>
2 ; <1,0,8,0,1,-10>
2 ; <0,-1,10,1,1,-8>
2 ; <1,0,10,0,1,-2>
2 ; <1,0,8,0,1,2>
2 ; <0,-1,6,-1,0,6>
2 ; <1,0,2,0,1,8>
2 ; <1,1,-2,-1,0,10>
2 ; <-1,-1,-4,1,0,8>
2 ; <-1,0,-8,0,-1,10>
2 ; <0,1,-6,-1,-1,6>
2 ; <-1,-1,-6,1,0,0>
2 ; <0,-1,-4,1,1,-4>
2 ; <0,1,0,-1,-1,-6>
2 ; <1,1,4,-1,0,-8>
23
0 ; <1,0,0,0,1,0>
1 ; <0,1,0,-1,-1,6>
1 ; <-1,0,-2,1,1,4>
1 ; <1,1,-4,-1,0,2>
1 ; <-1,0,2,0,-1,-4>
1 ; <1,1,4,-1,0,-2>
1 ; <1,1,6,-1,0,0>
1 ; <0,1,4,-1,-1,4>
2 ; <-1,-1,6,0,1,-6>
2 ; <1,0,8,0,1,-10>
2 ; <0,-1,10,1,1,-8>
2 ; <1,0,10,0,1,-2>
2 ; <0,1,10,-1,-1,4>
2 ; <-1,0,8,1,1,2>
2 ; <-1,-1,6,1,0,6>
2 ; <-1,0,2,0,-1,8>
2 ; <-1,-1,-4,1,0,8>
2 ; <-1,0,-8,0,-1,10>
2 ; <0,1,-6,-1,-1,6>
2 ; <-1,-1,-6,1,0,0>
2 ; <0,-1,-4,1,1,-4>
2 ; <0,1,0,-1,-1,-6>
2 ; <1,1,4,-1,0,-8>
23
0 ; <1,0,0,0,1,0>
1 ; <0,1,0,-1,-1,6>
1 ; <-1,0,-2,1,1,4>
1 ; <1,1,-4,-1,0,2>
1 ; <-1,0,2,0,-1,-4>
1 ; <1,1,4,-1,0,-2>
1 ; <1,1,6,-1,0,0>
1 ; <0,1,4,-1,-1,4>
2 ; <-1,-1,6,0,1,-6>
2 ; <1,0,8,0,1,-10>
2 ; <0,-1,10,1,1,-8>
2 ; <-1,0,14,0,-1,-4>
2 ; <-1,0,12,0,-1,0>
2 ; <0,1,8,1,0,2>
2 ; <-1,0,6,0,-1,6>
2 ; <1,1,-2,-1,0,10>
2 ; <-1,-1,-4,1,0,8>
2 ; <-1,0,-8,0,-1,10>
2 ; <0,1,-6,-1,-1,6>
2 ; <-1,-1,-6,1,0,0>
2 ; <0,-1,-4,1,1,-4>
2 ; <0,1,0,-1,-1,-6>
2 ; <1,1,4,-1,0,-8>
23
0 ; <1,0,0,0,1,0>
1 ; <0,1,0,-1,-1,6>
1 ; <-1,0,-2,1,1,4>
1 ; <1,1,-4,-1,0,2>
1 ; <-1,0,2,0,-1,-4>
1 ; <1,1,4,-1,0,-2>
1 ; <1,1,6,-1,0,0>
1 ; <0,1,4,-1,-1,4>
2 ; <-1,-1,6,0,1,-6>
2 ; <1,0,8,0,1,-10>
2 ; <0,-1,10,1,1,-8>
2 ; <-1,0,14,0,-1,-4>
2 ; <1,1,8,-1,0,2>
2 ; <-1,-1,10,0,1,4>
2 ; <-1,0,6,0,-1,6>
2 ; <1,1,-2,-1,0,10>
2 ; <-1,-1,-4,1,0,8>
2 ; <-1,0,-8,0,-1,10>
2 ; <0,1,-6,-1,-1,6>
2 ; <-1,-1,-6,1,0,0>
2 ; <0,-1,-4,1,1,-4>
2 ; <0,1,0,-1,-1,-6>
2 ; <1,1,4,-1,0,-8>
22
0 ; <1,0,0,0,1,0>
1 ; <0,1,0,-1,-1,6>
1 ; <-1,0,-2,1,1,4>
1 ; <1,1,-4,-1,0,2>
1 ; <-1,0,2,0,-1,-4>
1 ; <-1,-1,6,1,0,-6>
1 ; <-1,-1,8,1,0,-4>
1 ; <0,1,4,-1,-1,4>
2 ; <0,1,-6,-1,-1,6>
2 ; <-1,-1,-6,1,0,0>
2 ; <0,-1,-4,1,1,-4>
2 ; <0,1,0,-1,-1,-6>
2 ; <-1,-1,6,1,0,-12>
2 ; <1,1,4,0,-1,-8>
2 ; <1,0,8,0,1,-10>
2 ; <0,-1,10,1,1,-8>
2 ; <1,1,10,-1,0,-2>
2 ; <0,1,8,-1,-1,2>
2 ; <-1,0,6,0,-1,6>
2 ; <1,1,-2,-1,0,10>
2 ; <-1,-1,-4,1,0,8>
2 ; <-1,0,-8,0,-1,10>
23
0 ; <1,0,0,0,1,0>
1 ; <0,1,0,-1,-1,6>
1 ; <-1,0,-2,1,1,4>
1 ; <1,1,-4,-1,0,2>
1 ; <-1,0,2,0,-1,-4>
1 ; <-1,-1,6,1,0,-6>
1 ; <-1,-1,8,1,0,-4>
1 ; <0,1,4,-1,-1,4>
2 ; <0,1,-6,-1,-1,6>
2 ; <-1,-1,-6,1,0,0>
2 ; <0,-1,-4,1,1,-4>
2 ; <0,1,0,-1,-1,-6>
2 ; <-1,-1,6,1,0,-12>
2 ; <1,1,4,0,-1,-8>
2 ; <1,0,8,0,1,-10>
2 ; <0,-1,10,1,1,-8>
2 ; <-1,0,14,0,-1,-4>
2 ; <-1,-1,10,1,0,-2>
2 ; <1,1,8,0,-1,2>
2 ; <-1,0,6,0,-1,6>
2 ; <1,1,-2,-1,0,10>
2 ; <-1,-1,-4,1,0,8>
2 ; <-1,0,-8,0,-1,10>
21
0 ; <1,0,0,0,1,0>
1 ; <0,1,0,-1,-1,6>
1 ; <-1,0,-2,1,1,4>
1 ; <1,1,-4,-1,0,2>
1 ; <0,1,2,-1,-1,-4>
1 ; <0,-1,4,-1,0,-2>
1 ; <0,-1,8,1,1,-4>
1 ; <-1,-1,6,1,0,0>
2 ; <0,1,-2,-1,-1,-2>
2 ; <1,0,-2,0,1,-8>
2 ; <1,1,4,-1,0,-8>
2 ; <1,0,6,0,1,-6>
2 ; <0,1,12,-1,-1,-6>
2 ; <1,0,10,0,1,-2>
2 ; <1,0,8,0,1,2>
2 ; <1,1,4,0,-1,4>
2 ; <-1,0,2,0,-1,8>
2 ; <-1,-1,-4,1,0,8>
2 ; <-1,0,-8,0,-1,10>
2 ; <0,1,-6,-1,-1,6>
2 ; <-1,-1,-6,1,0,0>
21
0 ; <1,0,0,0,1,0>
1 ; <0,1,0,-1,-1,6>
1 ; <-1,0,-2,1,1,4>
1 ; <1,1,-4,-1,0,2>
1 ; <0,1,2,-1,-1,-4>
1 ; <0,-1,4,-1,0,-2>
1 ; <0,-1,8,1,1,-4>
1 ; <-1,-1,6,1,0,0>
2 ; <0,1,-2,-1,-1,-2>
2 ; <1,0,-2,0,1,-8>
2 ; <1,1,4,-1,0,-8>
2 ; <1,0,6,0,1,-6>
2 ; <0,1,12,-1,-1,-6>
2 ; <-1,0,14,0,-1,-4>
2 ; <1,1,8,-1,0,2>
2 ; <0,-1,4,1,1,4>
2 ; <1,1,-2,-1,0,10>
2 ; <-1,-1,-4,1,0,8>
2 ; <-1,0,-8,0,-1,10>
2 ; <0,1,-6,-1,-1,6>
2 ; <-1,-1,-6,1,0,0>
21
0 ; <1,0,0,0,1,0>
1 ; <0,1,0,-1,-1,6>
1 ; <-1,0,-2,1,1,4>
1 ; <1,1,-4,-1,0,2>
1 ; <0,1,2,-1,-1,-4>
1 ; <0,-1,4,-1,0,-2>
1 ; <0,-1,8,1,1,-4>
1 ; <-1,-1,6,1,0,0>
2 ; <0,1,-2,-1,-1,-2>
2 ; <1,0,-2,0,1,-8>
2 ; <1,1,4,-1,0,-8>
2 ; <1,0,6,0,1,-6>
2 ; <-1,-1,14,1,0,-10>
2 ; <0,-1,12,1,1,-6>
2 ; <1,1,8,-1,0,2>
2 ; <0,-1,4,1,1,4>
2 ; <1,1,-2,-1,0,10>
2 ; <-1,-1,-4,1,0,8>
2 ; <-1,0,-8,0,-1,10>
2 ; <0,1,-6,-1,-1,6>
2 ; <-1,-1,-6,1,0,0>
21
0 ; <1,0,0,0,1,0>
1 ; <0,1,0,-1,-1,6>
1 ; <-1,0,-2,1,1,4>
1 ; <1,1,-4,-1,0,2>
1 ; <0,1,2,-1,-1,-4>
1 ; <0,-1,4,-1,0,-2>
1 ; <0,-1,8,1,1,-4>
1 ; <-1,-1,6,1,0,0>
2 ; <0,1,-2,-1,-1,-2>
2 ; <-1,-1,2,1,0,-10>
2 ; <1,1,4,-1,0,-8>
2 ; <1,0,6,0,1,-6>
2 ; <0,1,12,-1,-1,-6>
2 ; <1,0,10,0,1,-2>
2 ; <1,0,8,0,1,2>
2 ; <1,1,4,0,-1,4>
2 ; <-1,0,2,0,-1,8>
2 ; <-1,-1,-4,1,0,8>
2 ; <-1,0,-8,0,-1,10>
2 ; <0,1,-6,-1,-1,6>
2 ; <-1,-1,-6,1,0,0>
21
0 ; <1,0,0,0,1,0>
1 ; <0,1,0,-1,-1,6>
1 ; <-1,0,-2,1,1,4>
1 ; <1,1,-4,-1,0,2>
1 ; <0,1,2,-1,-1,-4>
1 ; <0,-1,4,-1,0,-2>
1 ; <0,-1,8,1,1,-4>
1 ; <-1,-1,6,1,0,0>
2 ; <0,1,-2,-1,-1,-2>
2 ; <-1,-1,2,1,0,-10>
2 ; <1,1,4,-1,0,-8>
2 ; <1,0,6,0,1,-6>
2 ; <0,1,12,-1,-1,-6>
2 ; <-1,0,14,0,-1,-4>
2 ; <1,1,8,-1,0,2>
2 ; <0,-1,4,1,1,4>
2 ; <1,1,-2,-1,0,10>
2 ; <-1,-1,-4,1,0,8>
2 ; <-1,0,-8,0,-1,10>
2 ; <0,1,-6,-1,-1,6>
2 ; <-1,-1,-6,1,0,0>
21
0 ; <1,0,0,0,1,0>
1 ; <0,1,0,-1,-1,6>
1 ; <-1,0,-2,1,1,4>
1 ; <1,1,-4,-1,0,2>
1 ; <0,1,2,-1,-1,-4>
1 ; <0,-1,4,-1,0,-2>
1 ; <0,-1,8,1,1,-4>
1 ; <-1,-1,6,1,0,0>
2 ; <0,1,-2,-1,-1,-2>
2 ; <-1,-1,2,1,0,-10>
2 ; <1,1,4,-1,0,-8>
2 ; <1,0,6,0,1,-6>
2 ; <-1,-1,14,1,0,-10>
2 ; <0,-1,12,1,1,-6>
2 ; <1,1,8,-1,0,2>
2 ; <0,-1,4,1,1,4>
2 ; <1,1,-2,-1,0,10>
2 ; <-1,-1,-4,1,0,8>
2 ; <-1,0,-8,0,-1,10>
2 ; <0,1,-6,-1,-1,6>
2 ; <-1,-1,-6,1,0,0>
22
0 ; <1,0,0,0,1,0>
1 ; <0,1,0,-1,-1,6>
1 ; <-1,0,-2,0,-1,4>
1 ; <0,-1,-2,1,1,-2>
1 ; <0,1,2,-1,-1,-4>
1 ; <0,-1,4,-1,0,-2>
1 ; <0,-1,8,1,1,-4>
1 ; <-1,-1,6,1,0,0>
2 ; <1,0,-4,0,1,-4>
2 ; <-1,-1,2,1,0,-10>
2 ; <1,1,4,-1,0,-8>
2 ; <1,0,6,0,1,-6>
2 ; <0,1,12,-1,-1,-6>
2 ; <1,0,10,0,1,-2>
2 ; <1,0,8,0,1,2>
2 ; <1,1,4,0,-1,4>
2 ; <-1,0,2,0,-1,8>
2 ; <0,-1,-4,1,1,8>
2 ; <0,1,-6,1,0,6>
2 ; <0,1,-10,-1,-1,8>
2 ; <1,1,-8,-1,0,4>
2 ; <-1,-1,-6,0,1,0>
